 SNAP: SN (Discrete Ordinates) Application Proxy
 Version Number..  1.05 
 Version Date..  02-19-2015
 Ran on  2-19-2015 at time 14:22:42

********************************************************************************

          keyword Input Echo - Values from input or 

default
********************************************************************************

  NML=invar
     npey=     1
     npez=     1
     ichunk=     6
     nthreads=     8
     nnested=   2
     ndimen=  3
     nx=    12
     ny=    12
     nz=    12
     lx=  1.0000E+00
     ly=  1.0000E+00
     lz=  1.0000E+00
     nmom=   1
     nang=   10
     ng=   40
     mat_opt=  1
     src_opt=  1
     scatp=  0
     epsi=  1.0000E-07
     iitm=   5
     oitm=  100
     timedep=  0
     tf=  1.0000E+00
     nsteps=    10
     swp_typ=  0
     it_det=  0
     soloutp=  1
     kplane=    0
     popout=  0
     fluxp=  0
     fixup=  0

********************************************************************************

   *WARNING: INPUT_CHECK: NSTEPS reset to 1 for static calc        

          keyword Calculation Run-time Parameters Echo
********************************************************************************

  Geometry
    ndimen = 3
    nx =    12
    ny =    12
    nz =    12
    lx =  1.0000E+00
    ly =  1.0000E+00
    lz =  1.0000E+00
    dx =  8.3333E-02
    dy =  8.3333E-02
    dz =  8.3333E-02

  Sn
    nmom = 1
    nang =   10
    noct = 8

    w =  1.2500E-02   ... uniform weights

          mu              eta               xi
     5.00000000E-02   9.50000000E-01   3.08220700E-01
     1.50000000E-01   8.50000000E-01   5.04975247E-01
     2.50000000E-01   7.50000000E-01   6.12372436E-01
     3.50000000E-01   6.50000000E-01   6.74536878E-01
     4.50000000E-01   5.50000000E-01   7.03562364E-01
     5.50000000E-01   4.50000000E-01   7.03562364E-01
     6.50000000E-01   3.50000000E-01   6.74536878E-01
     7.50000000E-01   2.50000000E-01   6.12372436E-01
     8.50000000E-01   1.50000000E-01   5.04975247E-01
     9.50000000E-01   5.00000000E-02   3.08220700E-01

  Material Map
    mat_opt = 1   -->   nmat = 2
    Base material (default for every cell) = 1
    Material 2 present:
        Starting cell: (     4,     4,     4 )
        Ending cell:   (     9,     9,     9 )

  Source Map
    src_opt = 1
    Source strength per cell (where applied) = 1.0
    Source map:
        Starting cell: (     4,     4,     4 )
        Ending cell:   (     9,     9,     9 )

  Pseudo Cross Sections Data
    ng =  40

    Material 1
    Group         Total         Absorption      Scattering
       1       1.000000E+00    5.000000E-01    5.000000E-01
       2       1.010000E+00    5.050000E-01    5.050000E-01
       3       1.020000E+00    5.100000E-01    5.100000E-01
       4       1.030000E+00    5.150000E-01    5.150000E-01
       5       1.040000E+00    5.200000E-01    5.200000E-01
       6       1.050000E+00    5.250000E-01    5.250000E-01
       7       1.060000E+00    5.300000E-01    5.300000E-01
       8       1.070000E+00    5.350000E-01    5.350000E-01
       9       1.080000E+00    5.400000E-01    5.400000E-01
      10       1.090000E+00    5.450000E-01    5.450000E-01
      11       1.100000E+00    5.500000E-01    5.500000E-01
      12       1.110000E+00    5.550000E-01    5.550000E-01
      13       1.120000E+00    5.600000E-01    5.600000E-01
      14       1.130000E+00    5.650000E-01    5.650000E-01
      15       1.140000E+00    5.700000E-01    5.700000E-01
      16       1.150000E+00    5.750000E-01    5.750000E-01
      17       1.160000E+00    5.800000E-01    5.800000E-01
      18       1.170000E+00    5.850000E-01    5.850000E-01
      19       1.180000E+00    5.900000E-01    5.900000E-01
      20       1.190000E+00    5.950000E-01    5.950000E-01
      21       1.200000E+00    6.000000E-01    6.000000E-01
      22       1.210000E+00    6.050000E-01    6.050000E-01
      23       1.220000E+00    6.100000E-01    6.100000E-01
      24       1.230000E+00    6.150000E-01    6.150000E-01
      25       1.240000E+00    6.200000E-01    6.200000E-01
      26       1.250000E+00    6.250000E-01    6.250000E-01
      27       1.260000E+00    6.300000E-01    6.300000E-01
      28       1.270000E+00    6.350000E-01    6.350000E-01
      29       1.280000E+00    6.400000E-01    6.400000E-01
      30       1.290000E+00    6.450000E-01    6.450000E-01
      31       1.300000E+00    6.500000E-01    6.500000E-01
      32       1.310000E+00    6.550000E-01    6.550000E-01
      33       1.320000E+00    6.600000E-01    6.600000E-01
      34       1.330000E+00    6.650000E-01    6.650000E-01
      35       1.340000E+00    6.700000E-01    6.700000E-01
      36       1.350000E+00    6.750000E-01    6.750000E-01
      37       1.360000E+00    6.800000E-01    6.800000E-01
      38       1.370000E+00    6.850000E-01    6.850000E-01
      39       1.380000E+00    6.900000E-01    6.900000E-01
      40       1.390000E+00    6.950000E-01    6.950000E-01

    Material 2
    Group         Total         Absorption      Scattering
       1       2.000000E+00    8.000000E-01    1.200000E+00
       2       2.010000E+00    8.050000E-01    1.205000E+00
       3       2.020000E+00    8.100000E-01    1.210000E+00
       4       2.030000E+00    8.150000E-01    1.215000E+00
       5       2.040000E+00    8.200000E-01    1.220000E+00
       6       2.050000E+00    8.250000E-01    1.225000E+00
       7       2.060000E+00    8.300000E-01    1.230000E+00
       8       2.070000E+00    8.350000E-01    1.235000E+00
       9       2.080000E+00    8.400000E-01    1.240000E+00
      10       2.090000E+00    8.450000E-01    1.245000E+00
      11       2.100000E+00    8.500000E-01    1.250000E+00
      12       2.110000E+00    8.550000E-01    1.255000E+00
      13       2.120000E+00    8.600000E-01    1.260000E+00
      14       2.130000E+00    8.650000E-01    1.265000E+00
      15       2.140000E+00    8.700000E-01    1.270000E+00
      16       2.150000E+00    8.750000E-01    1.275000E+00
      17       2.160000E+00    8.800000E-01    1.280000E+00
      18       2.170000E+00    8.850000E-01    1.285000E+00
      19       2.180000E+00    8.900000E-01    1.290000E+00
      20       2.190000E+00    8.950000E-01    1.295000E+00
      21       2.200000E+00    9.000000E-01    1.300000E+00
      22       2.210000E+00    9.050000E-01    1.305000E+00
      23       2.220000E+00    9.100000E-01    1.310000E+00
      24       2.230000E+00    9.150000E-01    1.315000E+00
      25       2.240000E+00    9.200000E-01    1.320000E+00
      26       2.250000E+00    9.250000E-01    1.325000E+00
      27       2.260000E+00    9.300000E-01    1.330000E+00
      28       2.270000E+00    9.350000E-01    1.335000E+00
      29       2.280000E+00    9.400000E-01    1.340000E+00
      30       2.290000E+00    9.450000E-01    1.345000E+00
      31       2.300000E+00    9.500000E-01    1.350000E+00
      32       2.310000E+00    9.550000E-01    1.355000E+00
      33       2.320000E+00    9.600000E-01    1.360000E+00
      34       2.330000E+00    9.650000E-01    1.365000E+00
      35       2.340000E+00    9.700000E-01    1.370000E+00
      36       2.350000E+00    9.750000E-01    1.375000E+00
      37       2.360000E+00    9.800000E-01    1.380000E+00
      38       2.370000E+00    9.850000E-01    1.385000E+00
      39       2.380000E+00    9.900000E-01    1.390000E+00
      40       2.390000E+00    9.950000E-01    1.395000E+00

  Solution Control Parameters
    epsi =  1.0000E-07
    iitm =   5
    oitm =  100
    timedep = 0
    swp_typ = 0
    it_det = 0
    soloutp = 1
    kplane =    0
    popout = 0
    fluxp = 0
    fixup = 0


  Parallelization Parameters
    npey =     1
    npez =     1
    nthreads =    8

          Thread Support Level
           0 - MPI_THREAD_SINGLE
           1 - MPI_THREAD_FUNNELED
           2 - MPI_THREAD_SERIALIZED
           3 - MPI_THREAD_MULTIPLE
    thread_level =  0

    .TRUE. nested threading
      nnested =    2

    Parallel Computational Efficiency = 1.0000

********************************************************************************

          keyword Iteration Monitor
********************************************************************************
  Outer
    1    Dfmxo= 2.9431E-01    No. Inners=  200
    2    Dfmxo= 6.1798E+00    No. Inners=  200
    3    Dfmxo= 3.9331E-01    No. Inners=  200
    4    Dfmxo= 7.3292E-02    No. Inners=  200
    5    Dfmxo= 1.2423E-02    No. Inners=  200
    6    Dfmxo= 1.9088E-03    No. Inners=  200
    7    Dfmxo= 2.8506E-04    No. Inners=  161
    8    Dfmxo= 4.2869E-05    No. Inners=  122
    9    Dfmxo= 6.4725E-06    No. Inners=   90

  No. Outers=   9    No. Inners= 1573

********************************************************************************

          keyword Scalar Flux Solution
********************************************************************************

 ***********************************
  Group=   1   Z Mid-Plane=    7
 ***********************************

     y    x    1      x    2      x    3      x    4      x    5      x    6
    12  2.3403E-03  3.3750E-03  1.3169E-02  2.6335E-02  3.6210E-02  3.7169E-02
    11  3.3750E-03  7.8047E-03  2.3358E-02  4.2847E-02  5.8347E-02  6.2390E-02
    10  1.3169E-02  2.3358E-02  5.0075E-02  8.7386E-02  1.1464E-01  1.2285E-01
     9  2.6335E-02  4.2847E-02  8.7386E-02  1.6572E-01  2.1292E-01  2.2572E-01
     8  3.6210E-02  5.8347E-02  1.1464E-01  2.1292E-01  2.7348E-01  2.9100E-01
     7  3.7169E-02  6.2390E-02  1.2285E-01  2.2572E-01  2.9100E-01  3.1108E-01
     6  3.7169E-02  6.2390E-02  1.2285E-01  2.2572E-01  2.9100E-01  3.1108E-01
     5  3.6210E-02  5.8347E-02  1.1464E-01  2.1292E-01  2.7348E-01  2.9100E-01
     4  2.6335E-02  4.2847E-02  8.7386E-02  1.6572E-01  2.1292E-01  2.2572E-01
     3  1.3169E-02  2.3358E-02  5.0075E-02  8.7386E-02  1.1464E-01  1.2285E-01
     2  3.3750E-03  7.8047E-03  2.3358E-02  4.2847E-02  5.8347E-02  6.2390E-02
     1  2.3403E-03  3.3750E-03  1.3169E-02  2.6335E-02  3.6210E-02  3.7169E-02

     y    x    7      x    8      x    9      x   10      x   11      x   12
    12  3.7169E-02  3.6210E-02  2.6335E-02  1.3169E-02  3.3750E-03  2.3403E-03
    11  6.2390E-02  5.8347E-02  4.2847E-02  2.3358E-02  7.8047E-03  3.3750E-03
    10  1.2285E-01  1.1464E-01  8.7386E-02  5.0075E-02  2.3358E-02  1.3169E-02
     9  2.2572E-01  2.1292E-01  1.6572E-01  8.7386E-02  4.2847E-02  2.6335E-02
     8  2.9100E-01  2.7348E-01  2.1292E-01  1.1464E-01  5.8347E-02  3.6210E-02
     7  3.1108E-01  2.9100E-01  2.2572E-01  1.2285E-01  6.2390E-02  3.7169E-02
     6  3.1108E-01  2.9100E-01  2.2572E-01  1.2285E-01  6.2390E-02  3.7169E-02
     5  2.9100E-01  2.7348E-01  2.1292E-01  1.1464E-01  5.8347E-02  3.6210E-02
     4  2.2572E-01  2.1292E-01  1.6572E-01  8.7386E-02  4.2847E-02  2.6335E-02
     3  1.2285E-01  1.1464E-01  8.7386E-02  5.0075E-02  2.3358E-02  1.3169E-02
     2  6.2390E-02  5.8347E-02  4.2847E-02  2.3358E-02  7.8047E-03  3.3750E-03
     1  3.7169E-02  3.6210E-02  2.6335E-02  1.3169E-02  3.3750E-03  2.3403E-03

********************************************************************************


 ***********************************
  Group=   2   Z Mid-Plane=    7
 ***********************************

     y    x    1      x    2      x    3      x    4      x    5      x    6
    12  1.8671E-03  2.6770E-03  1.1937E-02  2.4407E-02  3.3714E-02  3.4487E-02
    11  2.6770E-03  6.7015E-03  2.1430E-02  3.9875E-02  5.4515E-02  5.8213E-02
    10  1.1937E-02  2.1430E-02  4.6867E-02  8.2460E-02  1.0829E-01  1.1590E-01
     9  2.4407E-02  3.9875E-02  8.2460E-02  1.5772E-01  2.0250E-01  2.1431E-01
     8  3.3714E-02  5.4515E-02  1.0829E-01  2.0250E-01  2.5986E-01  2.7606E-01
     7  3.4487E-02  5.8213E-02  1.1590E-01  2.1431E-01  2.7606E-01  2.9466E-01
     6  3.4487E-02  5.8213E-02  1.1590E-01  2.1431E-01  2.7606E-01  2.9466E-01
     5  3.3714E-02  5.4515E-02  1.0829E-01  2.0250E-01  2.5986E-01  2.7606E-01
     4  2.4407E-02  3.9875E-02  8.2460E-02  1.5772E-01  2.0250E-01  2.1431E-01
     3  1.1937E-02  2.1430E-02  4.6867E-02  8.2460E-02  1.0829E-01  1.1590E-01
     2  2.6770E-03  6.7015E-03  2.1430E-02  3.9875E-02  5.4515E-02  5.8213E-02
     1  1.8671E-03  2.6770E-03  1.1937E-02  2.4407E-02  3.3714E-02  3.4487E-02

     y    x    7      x    8      x    9      x   10      x   11      x   12
    12  3.4487E-02  3.3714E-02  2.4407E-02  1.1937E-02  2.6770E-03  1.8671E-03
    11  5.8213E-02  5.4515E-02  3.9875E-02  2.1430E-02  6.7015E-03  2.6770E-03
    10  1.1590E-01  1.0829E-01  8.2460E-02  4.6867E-02  2.1430E-02  1.1937E-02
     9  2.1431E-01  2.0250E-01  1.5772E-01  8.2460E-02  3.9875E-02  2.4407E-02
     8  2.7606E-01  2.5986E-01  2.0250E-01  1.0829E-01  5.4515E-02  3.3714E-02
     7  2.9466E-01  2.7606E-01  2.1431E-01  1.1590E-01  5.8213E-02  3.4487E-02
     6  2.9466E-01  2.7606E-01  2.1431E-01  1.1590E-01  5.8213E-02  3.4487E-02
     5  2.7606E-01  2.5986E-01  2.0250E-01  1.0829E-01  5.4515E-02  3.3714E-02
     4  2.1431E-01  2.0250E-01  1.5772E-01  8.2460E-02  3.9875E-02  2.4407E-02
     3  1.1590E-01  1.0829E-01  8.2460E-02  4.6867E-02  2.1430E-02  1.1937E-02
     2  5.8213E-02  5.4515E-02  3.9875E-02  2.1430E-02  6.7015E-03  2.6770E-03
     1  3.4487E-02  3.3714E-02  2.4407E-02  1.1937E-02  2.6770E-03  1.8671E-03

********************************************************************************


 ***********************************
  Group=   3   Z Mid-Plane=    7
 ***********************************

     y    x    1      x    2      x    3      x    4      x    5      x    6
    12  1.7832E-03  2.5533E-03  1.1687E-02  2.3992E-02  3.3162E-02  3.3899E-02
    11  2.5533E-03  6.4984E-03  2.1039E-02  3.9244E-02  5.3686E-02  5.7311E-02
    10  1.1687E-02  2.1039E-02  4.6196E-02  8.1413E-02  1.0693E-01  1.1441E-01
     9  2.3992E-02  3.9244E-02  8.1413E-02  1.5602E-01  2.0028E-01  2.1188E-01
     8  3.3162E-02  5.3686E-02  1.0693E-01  2.0028E-01  2.5695E-01  2.7288E-01
     7  3.3899E-02  5.7311E-02  1.1441E-01  2.1188E-01  2.7288E-01  2.9116E-01
     6  3.3899E-02  5.7311E-02  1.1441E-01  2.1188E-01  2.7288E-01  2.9116E-01
     5  3.3162E-02  5.3686E-02  1.0693E-01  2.0028E-01  2.5695E-01  2.7288E-01
     4  2.3992E-02  3.9244E-02  8.1413E-02  1.5602E-01  2.0028E-01  2.1188E-01
     3  1.1687E-02  2.1039E-02  4.6196E-02  8.1413E-02  1.0693E-01  1.1441E-01
     2  2.5533E-03  6.4984E-03  2.1039E-02  3.9244E-02  5.3686E-02  5.7311E-02
     1  1.7832E-03  2.5533E-03  1.1687E-02  2.3992E-02  3.3162E-02  3.3899E-02

     y    x    7      x    8      x    9      x   10      x   11      x   12
    12  3.3899E-02  3.3162E-02  2.3992E-02  1.1687E-02  2.5533E-03  1.7832E-03
    11  5.7311E-02  5.3686E-02  3.9244E-02  2.1039E-02  6.4984E-03  2.5533E-03
    10  1.1441E-01  1.0693E-01  8.1413E-02  4.6196E-02  2.1039E-02  1.1687E-02
     9  2.1188E-01  2.0028E-01  1.5602E-01  8.1413E-02  3.9244E-02  2.3992E-02
     8  2.7288E-01  2.5695E-01  2.0028E-01  1.0693E-01  5.3686E-02  3.3162E-02
     7  2.9116E-01  2.7288E-01  2.1188E-01  1.1441E-01  5.7311E-02  3.3899E-02
     6  2.9116E-01  2.7288E-01  2.1188E-01  1.1441E-01  5.7311E-02  3.3899E-02
     5  2.7288E-01  2.5695E-01  2.0028E-01  1.0693E-01  5.3686E-02  3.3162E-02
     4  2.1188E-01  2.0028E-01  1.5602E-01  8.1413E-02  3.9244E-02  2.3992E-02
     3  1.1441E-01  1.0693E-01  8.1413E-02  4.6196E-02  2.1039E-02  1.1687E-02
     2  5.7311E-02  5.3686E-02  3.9244E-02  2.1039E-02  6.4984E-03  2.5533E-03
     1  3.3899E-02  3.3162E-02  2.3992E-02  1.1687E-02  2.5533E-03  1.7832E-03

********************************************************************************


 ***********************************
  Group=   4   Z Mid-Plane=    7
 ***********************************

     y    x    1      x    2      x    3      x    4      x    5      x    6
    12  1.7412E-03  2.4917E-03  1.1544E-02  2.3741E-02  3.2822E-02  3.3540E-02
    11  2.4917E-03  6.3931E-03  2.0815E-02  3.8868E-02  5.3184E-02  5.6766E-02
    10  1.1544E-02  2.0815E-02  4.5802E-02  8.0790E-02  1.0612E-01  1.1352E-01
     9  2.3741E-02  3.8868E-02  8.0790E-02  1.5500E-01  1.9895E-01  2.1042E-01
     8  3.2822E-02  5.3184E-02  1.0612E-01  1.9895E-01  2.5521E-01  2.7097E-01
     7  3.3540E-02  5.6766E-02  1.1352E-01  2.1042E-01  2.7097E-01  2.8906E-01
     6  3.3540E-02  5.6766E-02  1.1352E-01  2.1042E-01  2.7097E-01  2.8906E-01
     5  3.2822E-02  5.3184E-02  1.0612E-01  1.9895E-01  2.5521E-01  2.7097E-01
     4  2.3741E-02  3.8868E-02  8.0790E-02  1.5500E-01  1.9895E-01  2.1042E-01
     3  1.1544E-02  2.0815E-02  4.5802E-02  8.0790E-02  1.0612E-01  1.1352E-01
     2  2.4917E-03  6.3931E-03  2.0815E-02  3.8868E-02  5.3184E-02  5.6766E-02
     1  1.7412E-03  2.4917E-03  1.1544E-02  2.3741E-02  3.2822E-02  3.3540E-02

     y    x    7      x    8      x    9      x   10      x   11      x   12
    12  3.3540E-02  3.2822E-02  2.3741E-02  1.1544E-02  2.4917E-03  1.7412E-03
    11  5.6766E-02  5.3184E-02  3.8868E-02  2.0815E-02  6.3931E-03  2.4917E-03
    10  1.1352E-01  1.0612E-01  8.0790E-02  4.5802E-02  2.0815E-02  1.1544E-02
     9  2.1042E-01  1.9895E-01  1.5500E-01  8.0790E-02  3.8868E-02  2.3741E-02
     8  2.7097E-01  2.5521E-01  1.9895E-01  1.0612E-01  5.3184E-02  3.2822E-02
     7  2.8906E-01  2.7097E-01  2.1042E-01  1.1352E-01  5.6766E-02  3.3540E-02
     6  2.8906E-01  2.7097E-01  2.1042E-01  1.1352E-01  5.6766E-02  3.3540E-02
     5  2.7097E-01  2.5521E-01  1.9895E-01  1.0612E-01  5.3184E-02  3.2822E-02
     4  2.1042E-01  1.9895E-01  1.5500E-01  8.0790E-02  3.8868E-02  2.3741E-02
     3  1.1352E-01  1.0612E-01  8.0790E-02  4.5802E-02  2.0815E-02  1.1544E-02
     2  5.6766E-02  5.3184E-02  3.8868E-02  2.0815E-02  6.3931E-03  2.4917E-03
     1  3.3540E-02  3.2822E-02  2.3741E-02  1.1544E-02  2.4917E-03  1.7412E-03

********************************************************************************


 ***********************************
  Group=   5   Z Mid-Plane=    7
 ***********************************

     y    x    1      x    2      x    3      x    4      x    5      x    6
    12  1.7207E-03  2.4619E-03  1.1455E-02  2.3575E-02  3.2591E-02  3.3297E-02
    11  2.4619E-03  6.3377E-03  2.0677E-02  3.8623E-02  5.2849E-02  5.6404E-02
    10  1.1455E-02  2.0677E-02  4.5549E-02  8.0382E-02  1.0558E-01  1.1293E-01
     9  2.3575E-02  3.8623E-02  8.0382E-02  1.5433E-01  1.9807E-01  2.0946E-01
     8  3.2591E-02  5.2849E-02  1.0558E-01  1.9807E-01  2.5406E-01  2.6971E-01
     7  3.3297E-02  5.6404E-02  1.1293E-01  2.0946E-01  2.6971E-01  2.8767E-01
     6  3.3297E-02  5.6404E-02  1.1293E-01  2.0946E-01  2.6971E-01  2.8767E-01
     5  3.2591E-02  5.2849E-02  1.0558E-01  1.9807E-01  2.5406E-01  2.6971E-01
     4  2.3575E-02  3.8623E-02  8.0382E-02  1.5433E-01  1.9807E-01  2.0946E-01
     3  1.1455E-02  2.0677E-02  4.5549E-02  8.0382E-02  1.0558E-01  1.1293E-01
     2  2.4619E-03  6.3377E-03  2.0677E-02  3.8623E-02  5.2849E-02  5.6404E-02
     1  1.7207E-03  2.4619E-03  1.1455E-02  2.3575E-02  3.2591E-02  3.3297E-02

     y    x    7      x    8      x    9      x   10      x   11      x   12
    12  3.3297E-02  3.2591E-02  2.3575E-02  1.1455E-02  2.4619E-03  1.7207E-03
    11  5.6404E-02  5.2849E-02  3.8623E-02  2.0677E-02  6.3377E-03  2.4619E-03
    10  1.1293E-01  1.0558E-01  8.0382E-02  4.5549E-02  2.0677E-02  1.1455E-02
     9  2.0946E-01  1.9807E-01  1.5433E-01  8.0382E-02  3.8623E-02  2.3575E-02
     8  2.6971E-01  2.5406E-01  1.9807E-01  1.0558E-01  5.2849E-02  3.2591E-02
     7  2.8767E-01  2.6971E-01  2.0946E-01  1.1293E-01  5.6404E-02  3.3297E-02
     6  2.8767E-01  2.6971E-01  2.0946E-01  1.1293E-01  5.6404E-02  3.3297E-02
     5  2.6971E-01  2.5406E-01  1.9807E-01  1.0558E-01  5.2849E-02  3.2591E-02
     4  2.0946E-01  1.9807E-01  1.5433E-01  8.0382E-02  3.8623E-02  2.3575E-02
     3  1.1293E-01  1.0558E-01  8.0382E-02  4.5549E-02  2.0677E-02  1.1455E-02
     2  5.6404E-02  5.2849E-02  3.8623E-02  2.0677E-02  6.3377E-03  2.4619E-03
     1  3.3297E-02  3.2591E-02  2.3575E-02  1.1455E-02  2.4619E-03  1.7207E-03

********************************************************************************


 ***********************************
  Group=   6   Z Mid-Plane=    7
 ***********************************

     y    x    1      x    2      x    3      x    4      x    5      x    6
    12  1.7135E-03  2.4520E-03  1.1400E-02  2.3461E-02  3.2427E-02  3.3126E-02
    11  2.4520E-03  6.3136E-03  2.0592E-02  3.8459E-02  5.2618E-02  5.6155E-02
    10  1.1400E-02  2.0592E-02  4.5384E-02  8.0107E-02  1.0521E-01  1.1253E-01
     9  2.3461E-02  3.8459E-02  8.0107E-02  1.5388E-01  1.9747E-01  2.0881E-01
     8  3.2427E-02  5.2618E-02  1.0521E-01  1.9747E-01  2.5327E-01  2.6884E-01
     7  3.3126E-02  5.6155E-02  1.1253E-01  2.0881E-01  2.6884E-01  2.8672E-01
     6  3.3126E-02  5.6155E-02  1.1253E-01  2.0881E-01  2.6884E-01  2.8672E-01
     5  3.2427E-02  5.2618E-02  1.0521E-01  1.9747E-01  2.5327E-01  2.6884E-01
     4  2.3461E-02  3.8459E-02  8.0107E-02  1.5388E-01  1.9747E-01  2.0881E-01
     3  1.1400E-02  2.0592E-02  4.5384E-02  8.0107E-02  1.0521E-01  1.1253E-01
     2  2.4520E-03  6.3136E-03  2.0592E-02  3.8459E-02  5.2618E-02  5.6155E-02
     1  1.7135E-03  2.4520E-03  1.1400E-02  2.3461E-02  3.2427E-02  3.3126E-02

     y    x    7      x    8      x    9      x   10      x   11      x   12
    12  3.3126E-02  3.2427E-02  2.3461E-02  1.1400E-02  2.4520E-03  1.7135E-03
    11  5.6155E-02  5.2618E-02  3.8459E-02  2.0592E-02  6.3136E-03  2.4520E-03
    10  1.1253E-01  1.0521E-01  8.0107E-02  4.5384E-02  2.0592E-02  1.1400E-02
     9  2.0881E-01  1.9747E-01  1.5388E-01  8.0107E-02  3.8459E-02  2.3461E-02
     8  2.6884E-01  2.5327E-01  1.9747E-01  1.0521E-01  5.2618E-02  3.2427E-02
     7  2.8672E-01  2.6884E-01  2.0881E-01  1.1253E-01  5.6155E-02  3.3126E-02
     6  2.8672E-01  2.6884E-01  2.0881E-01  1.1253E-01  5.6155E-02  3.3126E-02
     5  2.6884E-01  2.5327E-01  1.9747E-01  1.0521E-01  5.2618E-02  3.2427E-02
     4  2.0881E-01  1.9747E-01  1.5388E-01  8.0107E-02  3.8459E-02  2.3461E-02
     3  1.1253E-01  1.0521E-01  8.0107E-02  4.5384E-02  2.0592E-02  1.1400E-02
     2  5.6155E-02  5.2618E-02  3.8459E-02  2.0592E-02  6.3136E-03  2.4520E-03
     1  3.3126E-02  3.2427E-02  2.3461E-02  1.1400E-02  2.4520E-03  1.7135E-03

********************************************************************************


 ***********************************
  Group=   7   Z Mid-Plane=    7
 ***********************************

     y    x    1      x    2      x    3      x    4      x    5      x    6
    12  1.7156E-03  2.4559E-03  1.1369E-02  2.3384E-02  3.2309E-02  3.3006E-02
    11  2.4559E-03  6.3114E-03  2.0544E-02  3.8351E-02  5.2460E-02  5.5985E-02
    10  1.1369E-02  2.0544E-02  4.5280E-02  7.9926E-02  1.0496E-01  1.1226E-01
     9  2.3384E-02  3.8351E-02  7.9926E-02  1.5357E-01  1.9706E-01  2.0836E-01
     8  3.2309E-02  5.2460E-02  1.0496E-01  1.9706E-01  2.5274E-01  2.6825E-01
     7  3.3006E-02  5.5985E-02  1.1226E-01  2.0836E-01  2.6825E-01  2.8607E-01
     6  3.3006E-02  5.5985E-02  1.1226E-01  2.0836E-01  2.6825E-01  2.8607E-01
     5  3.2309E-02  5.2460E-02  1.0496E-01  1.9706E-01  2.5274E-01  2.6825E-01
     4  2.3384E-02  3.8351E-02  7.9926E-02  1.5357E-01  1.9706E-01  2.0836E-01
     3  1.1369E-02  2.0544E-02  4.5280E-02  7.9926E-02  1.0496E-01  1.1226E-01
     2  2.4559E-03  6.3114E-03  2.0544E-02  3.8351E-02  5.2460E-02  5.5985E-02
     1  1.7156E-03  2.4559E-03  1.1369E-02  2.3384E-02  3.2309E-02  3.3006E-02

     y    x    7      x    8      x    9      x   10      x   11      x   12
    12  3.3006E-02  3.2309E-02  2.3384E-02  1.1369E-02  2.4559E-03  1.7156E-03
    11  5.5985E-02  5.2460E-02  3.8351E-02  2.0544E-02  6.3114E-03  2.4559E-03
    10  1.1226E-01  1.0496E-01  7.9926E-02  4.5280E-02  2.0544E-02  1.1369E-02
     9  2.0836E-01  1.9706E-01  1.5357E-01  7.9926E-02  3.8351E-02  2.3384E-02
     8  2.6825E-01  2.5274E-01  1.9706E-01  1.0496E-01  5.2460E-02  3.2309E-02
     7  2.8607E-01  2.6825E-01  2.0836E-01  1.1226E-01  5.5985E-02  3.3006E-02
     6  2.8607E-01  2.6825E-01  2.0836E-01  1.1226E-01  5.5985E-02  3.3006E-02
     5  2.6825E-01  2.5274E-01  1.9706E-01  1.0496E-01  5.2460E-02  3.2309E-02
     4  2.0836E-01  1.9706E-01  1.5357E-01  7.9926E-02  3.8351E-02  2.3384E-02
     3  1.1226E-01  1.0496E-01  7.9926E-02  4.5280E-02  2.0544E-02  1.1369E-02
     2  5.5985E-02  5.2460E-02  3.8351E-02  2.0544E-02  6.3114E-03  2.4559E-03
     1  3.3006E-02  3.2309E-02  2.3384E-02  1.1369E-02  2.4559E-03  1.7156E-03

********************************************************************************


 ***********************************
  Group=   8   Z Mid-Plane=    7
 ***********************************

     y    x    1      x    2      x    3      x    4      x    5      x    6
    12  1.7250E-03  2.4706E-03  1.1356E-02  2.3334E-02  3.2228E-02  3.2925E-02
    11  2.4706E-03  6.3261E-03  2.0525E-02  3.8287E-02  5.2356E-02  5.5875E-02
    10  1.1356E-02  2.0525E-02  4.5224E-02  7.9815E-02  1.0480E-01  1.1209E-01
     9  2.3334E-02  3.8287E-02  7.9815E-02  1.5338E-01  1.9680E-01  2.0808E-01
     8  3.2228E-02  5.2356E-02  1.0480E-01  1.9680E-01  2.5239E-01  2.6787E-01
     7  3.2925E-02  5.5875E-02  1.1209E-01  2.0808E-01  2.6787E-01  2.8565E-01
     6  3.2925E-02  5.5875E-02  1.1209E-01  2.0808E-01  2.6787E-01  2.8565E-01
     5  3.2228E-02  5.2356E-02  1.0480E-01  1.9680E-01  2.5239E-01  2.6787E-01
     4  2.3334E-02  3.8287E-02  7.9815E-02  1.5338E-01  1.9680E-01  2.0808E-01
     3  1.1356E-02  2.0525E-02  4.5224E-02  7.9815E-02  1.0480E-01  1.1209E-01
     2  2.4706E-03  6.3261E-03  2.0525E-02  3.8287E-02  5.2356E-02  5.5875E-02
     1  1.7250E-03  2.4706E-03  1.1356E-02  2.3334E-02  3.2228E-02  3.2925E-02

     y    x    7      x    8      x    9      x   10      x   11      x   12
    12  3.2925E-02  3.2228E-02  2.3334E-02  1.1356E-02  2.4706E-03  1.7250E-03
    11  5.5875E-02  5.2356E-02  3.8287E-02  2.0525E-02  6.3261E-03  2.4706E-03
    10  1.1209E-01  1.0480E-01  7.9815E-02  4.5224E-02  2.0525E-02  1.1356E-02
     9  2.0808E-01  1.9680E-01  1.5338E-01  7.9815E-02  3.8287E-02  2.3334E-02
     8  2.6787E-01  2.5239E-01  1.9680E-01  1.0480E-01  5.2356E-02  3.2228E-02
     7  2.8565E-01  2.6787E-01  2.0808E-01  1.1209E-01  5.5875E-02  3.2925E-02
     6  2.8565E-01  2.6787E-01  2.0808E-01  1.1209E-01  5.5875E-02  3.2925E-02
     5  2.6787E-01  2.5239E-01  1.9680E-01  1.0480E-01  5.2356E-02  3.2228E-02
     4  2.0808E-01  1.9680E-01  1.5338E-01  7.9815E-02  3.8287E-02  2.3334E-02
     3  1.1209E-01  1.0480E-01  7.9815E-02  4.5224E-02  2.0525E-02  1.1356E-02
     2  5.5875E-02  5.2356E-02  3.8287E-02  2.0525E-02  6.3261E-03  2.4706E-03
     1  3.2925E-02  3.2228E-02  2.3334E-02  1.1356E-02  2.4706E-03  1.7250E-03

********************************************************************************


 ***********************************
  Group=   9   Z Mid-Plane=    7
 ***********************************

     y    x    1      x    2      x    3      x    4      x    5      x    6
    12  1.7402E-03  2.4941E-03  1.1358E-02  2.3307E-02  3.2175E-02  3.2874E-02
    11  2.4941E-03  6.3546E-03  2.0528E-02  3.8257E-02  5.2297E-02  5.5813E-02
    10  1.1358E-02  2.0528E-02  4.5204E-02  7.9761E-02  1.0472E-01  1.1199E-01
     9  2.3307E-02  3.8257E-02  7.9761E-02  1.5328E-01  1.9665E-01  2.0792E-01
     8  3.2175E-02  5.2297E-02  1.0472E-01  1.9665E-01  2.5219E-01  2.6765E-01
     7  3.2874E-02  5.5813E-02  1.1199E-01  2.0792E-01  2.6765E-01  2.8540E-01
     6  3.2874E-02  5.5813E-02  1.1199E-01  2.0792E-01  2.6765E-01  2.8540E-01
     5  3.2175E-02  5.2297E-02  1.0472E-01  1.9665E-01  2.5219E-01  2.6765E-01
     4  2.3307E-02  3.8257E-02  7.9761E-02  1.5328E-01  1.9665E-01  2.0792E-01
     3  1.1358E-02  2.0528E-02  4.5204E-02  7.9761E-02  1.0472E-01  1.1199E-01
     2  2.4941E-03  6.3546E-03  2.0528E-02  3.8257E-02  5.2297E-02  5.5813E-02
     1  1.7402E-03  2.4941E-03  1.1358E-02  2.3307E-02  3.2175E-02  3.2874E-02

     y    x    7      x    8      x    9      x   10      x   11      x   12
    12  3.2874E-02  3.2175E-02  2.3307E-02  1.1358E-02  2.4941E-03  1.7402E-03
    11  5.5813E-02  5.2297E-02  3.8257E-02  2.0528E-02  6.3546E-03  2.4941E-03
    10  1.1199E-01  1.0472E-01  7.9761E-02  4.5204E-02  2.0528E-02  1.1358E-02
     9  2.0792E-01  1.9665E-01  1.5328E-01  7.9761E-02  3.8257E-02  2.3307E-02
     8  2.6765E-01  2.5219E-01  1.9665E-01  1.0472E-01  5.2297E-02  3.2175E-02
     7  2.8540E-01  2.6765E-01  2.0792E-01  1.1199E-01  5.5813E-02  3.2874E-02
     6  2.8540E-01  2.6765E-01  2.0792E-01  1.1199E-01  5.5813E-02  3.2874E-02
     5  2.6765E-01  2.5219E-01  1.9665E-01  1.0472E-01  5.2297E-02  3.2175E-02
     4  2.0792E-01  1.9665E-01  1.5328E-01  7.9761E-02  3.8257E-02  2.3307E-02
     3  1.1199E-01  1.0472E-01  7.9761E-02  4.5204E-02  2.0528E-02  1.1358E-02
     2  5.5813E-02  5.2297E-02  3.8257E-02  2.0528E-02  6.3546E-03  2.4941E-03
     1  3.2874E-02  3.2175E-02  2.3307E-02  1.1358E-02  2.4941E-03  1.7402E-03

********************************************************************************


 ***********************************
  Group=  10   Z Mid-Plane=    7
 ***********************************

     y    x    1      x    2      x    3      x    4      x    5      x    6
    12  1.7604E-03  2.5251E-03  1.1373E-02  2.3299E-02  3.2146E-02  3.2849E-02
    11  2.5251E-03  6.3950E-03  2.0552E-02  3.8257E-02  5.2276E-02  5.5793E-02
    10  1.1373E-02  2.0552E-02  4.5217E-02  7.9754E-02  1.0469E-01  1.1197E-01
     9  2.3299E-02  3.8257E-02  7.9754E-02  1.5325E-01  1.9660E-01  2.0786E-01
     8  3.2146E-02  5.2276E-02  1.0469E-01  1.9660E-01  2.5211E-01  2.6757E-01
     7  3.2849E-02  5.5793E-02  1.1197E-01  2.0786E-01  2.6757E-01  2.8531E-01
     6  3.2849E-02  5.5793E-02  1.1197E-01  2.0786E-01  2.6757E-01  2.8531E-01
     5  3.2146E-02  5.2276E-02  1.0469E-01  1.9660E-01  2.5211E-01  2.6757E-01
     4  2.3299E-02  3.8257E-02  7.9754E-02  1.5325E-01  1.9660E-01  2.0786E-01
     3  1.1373E-02  2.0552E-02  4.5217E-02  7.9754E-02  1.0469E-01  1.1197E-01
     2  2.5251E-03  6.3950E-03  2.0552E-02  3.8257E-02  5.2276E-02  5.5793E-02
     1  1.7604E-03  2.5251E-03  1.1373E-02  2.3299E-02  3.2146E-02  3.2849E-02

     y    x    7      x    8      x    9      x   10      x   11      x   12
    12  3.2849E-02  3.2146E-02  2.3299E-02  1.1373E-02  2.5251E-03  1.7604E-03
    11  5.5793E-02  5.2276E-02  3.8257E-02  2.0552E-02  6.3950E-03  2.5251E-03
    10  1.1197E-01  1.0469E-01  7.9754E-02  4.5217E-02  2.0552E-02  1.1373E-02
     9  2.0786E-01  1.9660E-01  1.5325E-01  7.9754E-02  3.8257E-02  2.3299E-02
     8  2.6757E-01  2.5211E-01  1.9660E-01  1.0469E-01  5.2276E-02  3.2146E-02
     7  2.8531E-01  2.6757E-01  2.0786E-01  1.1197E-01  5.5793E-02  3.2849E-02
     6  2.8531E-01  2.6757E-01  2.0786E-01  1.1197E-01  5.5793E-02  3.2849E-02
     5  2.6757E-01  2.5211E-01  1.9660E-01  1.0469E-01  5.2276E-02  3.2146E-02
     4  2.0786E-01  1.9660E-01  1.5325E-01  7.9754E-02  3.8257E-02  2.3299E-02
     3  1.1197E-01  1.0469E-01  7.9754E-02  4.5217E-02  2.0552E-02  1.1373E-02
     2  5.5793E-02  5.2276E-02  3.8257E-02  2.0552E-02  6.3950E-03  2.5251E-03
     1  3.2849E-02  3.2146E-02  2.3299E-02  1.1373E-02  2.5251E-03  1.7604E-03

********************************************************************************


 ***********************************
  Group=  11   Z Mid-Plane=    7
 ***********************************

     y    x    1      x    2      x    3      x    4      x    5      x    6
    12  1.7852E-03  2.5629E-03  1.1399E-02  2.3309E-02  3.2139E-02  3.2847E-02
    11  2.5629E-03  6.4461E-03  2.0594E-02  3.8284E-02  5.2287E-02  5.5808E-02
    10  1.1399E-02  2.0594E-02  4.5259E-02  7.9790E-02  1.0472E-01  1.1200E-01
     9  2.3309E-02  3.8284E-02  7.9790E-02  1.5328E-01  1.9664E-01  2.0790E-01
     8  3.2139E-02  5.2287E-02  1.0472E-01  1.9664E-01  2.5214E-01  2.6760E-01
     7  3.2847E-02  5.5808E-02  1.1200E-01  2.0790E-01  2.6760E-01  2.8534E-01
     6  3.2847E-02  5.5808E-02  1.1200E-01  2.0790E-01  2.6760E-01  2.8534E-01
     5  3.2139E-02  5.2287E-02  1.0472E-01  1.9664E-01  2.5214E-01  2.6760E-01
     4  2.3309E-02  3.8284E-02  7.9790E-02  1.5328E-01  1.9664E-01  2.0790E-01
     3  1.1399E-02  2.0594E-02  4.5259E-02  7.9790E-02  1.0472E-01  1.1200E-01
     2  2.5629E-03  6.4461E-03  2.0594E-02  3.8284E-02  5.2287E-02  5.5808E-02
     1  1.7852E-03  2.5629E-03  1.1399E-02  2.3309E-02  3.2139E-02  3.2847E-02

     y    x    7      x    8      x    9      x   10      x   11      x   12
    12  3.2847E-02  3.2139E-02  2.3309E-02  1.1399E-02  2.5629E-03  1.7852E-03
    11  5.5808E-02  5.2287E-02  3.8284E-02  2.0594E-02  6.4461E-03  2.5629E-03
    10  1.1200E-01  1.0472E-01  7.9790E-02  4.5259E-02  2.0594E-02  1.1399E-02
     9  2.0790E-01  1.9664E-01  1.5328E-01  7.9790E-02  3.8284E-02  2.3309E-02
     8  2.6760E-01  2.5214E-01  1.9664E-01  1.0472E-01  5.2287E-02  3.2139E-02
     7  2.8534E-01  2.6760E-01  2.0790E-01  1.1200E-01  5.5808E-02  3.2847E-02
     6  2.8534E-01  2.6760E-01  2.0790E-01  1.1200E-01  5.5808E-02  3.2847E-02
     5  2.6760E-01  2.5214E-01  1.9664E-01  1.0472E-01  5.2287E-02  3.2139E-02
     4  2.0790E-01  1.9664E-01  1.5328E-01  7.9790E-02  3.8284E-02  2.3309E-02
     3  1.1200E-01  1.0472E-01  7.9790E-02  4.5259E-02  2.0594E-02  1.1399E-02
     2  5.5808E-02  5.2287E-02  3.8284E-02  2.0594E-02  6.4461E-03  2.5629E-03
     1  3.2847E-02  3.2139E-02  2.3309E-02  1.1399E-02  2.5629E-03  1.7852E-03

********************************************************************************


 ***********************************
  Group=  12   Z Mid-Plane=    7
 ***********************************

     y    x    1      x    2      x    3      x    4      x    5      x    6
    12  1.8141E-03  2.6070E-03  1.1435E-02  2.3334E-02  3.2152E-02  3.2867E-02
    11  2.6070E-03  6.5072E-03  2.0652E-02  3.8334E-02  5.2330E-02  5.5856E-02
    10  1.1435E-02  2.0652E-02  4.5326E-02  7.9864E-02  1.0480E-01  1.1208E-01
     9  2.3334E-02  3.8334E-02  7.9864E-02  1.5338E-01  1.9674E-01  2.0802E-01
     8  3.2152E-02  5.2330E-02  1.0480E-01  1.9674E-01  2.5227E-01  2.6774E-01
     7  3.2867E-02  5.5856E-02  1.1208E-01  2.0802E-01  2.6774E-01  2.8549E-01
     6  3.2867E-02  5.5856E-02  1.1208E-01  2.0802E-01  2.6774E-01  2.8549E-01
     5  3.2152E-02  5.2330E-02  1.0480E-01  1.9674E-01  2.5227E-01  2.6774E-01
     4  2.3334E-02  3.8334E-02  7.9864E-02  1.5338E-01  1.9674E-01  2.0802E-01
     3  1.1435E-02  2.0652E-02  4.5326E-02  7.9864E-02  1.0480E-01  1.1208E-01
     2  2.6070E-03  6.5072E-03  2.0652E-02  3.8334E-02  5.2330E-02  5.5856E-02
     1  1.8141E-03  2.6070E-03  1.1435E-02  2.3334E-02  3.2152E-02  3.2867E-02

     y    x    7      x    8      x    9      x   10      x   11      x   12
    12  3.2867E-02  3.2152E-02  2.3334E-02  1.1435E-02  2.6070E-03  1.8141E-03
    11  5.5856E-02  5.2330E-02  3.8334E-02  2.0652E-02  6.5072E-03  2.6070E-03
    10  1.1208E-01  1.0480E-01  7.9864E-02  4.5326E-02  2.0652E-02  1.1435E-02
     9  2.0802E-01  1.9674E-01  1.5338E-01  7.9864E-02  3.8334E-02  2.3334E-02
     8  2.6774E-01  2.5227E-01  1.9674E-01  1.0480E-01  5.2330E-02  3.2152E-02
     7  2.8549E-01  2.6774E-01  2.0802E-01  1.1208E-01  5.5856E-02  3.2867E-02
     6  2.8549E-01  2.6774E-01  2.0802E-01  1.1208E-01  5.5856E-02  3.2867E-02
     5  2.6774E-01  2.5227E-01  1.9674E-01  1.0480E-01  5.2330E-02  3.2152E-02
     4  2.0802E-01  1.9674E-01  1.5338E-01  7.9864E-02  3.8334E-02  2.3334E-02
     3  1.1208E-01  1.0480E-01  7.9864E-02  4.5326E-02  2.0652E-02  1.1435E-02
     2  5.5856E-02  5.2330E-02  3.8334E-02  2.0652E-02  6.5072E-03  2.6070E-03
     1  3.2867E-02  3.2152E-02  2.3334E-02  1.1435E-02  2.6070E-03  1.8141E-03

********************************************************************************


 ***********************************
  Group=  13   Z Mid-Plane=    7
 ***********************************

     y    x    1      x    2      x    3      x    4      x    5      x    6
    12  1.8470E-03  2.6571E-03  1.1482E-02  2.3373E-02  3.2183E-02  3.2907E-02
    11  2.6571E-03  6.5777E-03  2.0725E-02  3.8408E-02  5.2400E-02  5.5936E-02
    10  1.1482E-02  2.0725E-02  4.5418E-02  7.9975E-02  1.0492E-01  1.1221E-01
     9  2.3373E-02  3.8408E-02  7.9975E-02  1.5353E-01  1.9692E-01  2.0822E-01
     8  3.2183E-02  5.2400E-02  1.0492E-01  1.9692E-01  2.5249E-01  2.6798E-01
     7  3.2907E-02  5.5936E-02  1.1221E-01  2.0822E-01  2.6798E-01  2.8575E-01
     6  3.2907E-02  5.5936E-02  1.1221E-01  2.0822E-01  2.6798E-01  2.8575E-01
     5  3.2183E-02  5.2400E-02  1.0492E-01  1.9692E-01  2.5249E-01  2.6798E-01
     4  2.3373E-02  3.8408E-02  7.9975E-02  1.5353E-01  1.9692E-01  2.0822E-01
     3  1.1482E-02  2.0725E-02  4.5418E-02  7.9975E-02  1.0492E-01  1.1221E-01
     2  2.6571E-03  6.5777E-03  2.0725E-02  3.8408E-02  5.2400E-02  5.5936E-02
     1  1.8470E-03  2.6571E-03  1.1482E-02  2.3373E-02  3.2183E-02  3.2907E-02

     y    x    7      x    8      x    9      x   10      x   11      x   12
    12  3.2907E-02  3.2183E-02  2.3373E-02  1.1482E-02  2.6571E-03  1.8470E-03
    11  5.5936E-02  5.2400E-02  3.8408E-02  2.0725E-02  6.5777E-03  2.6571E-03
    10  1.1221E-01  1.0492E-01  7.9975E-02  4.5418E-02  2.0725E-02  1.1482E-02
     9  2.0822E-01  1.9692E-01  1.5353E-01  7.9975E-02  3.8408E-02  2.3373E-02
     8  2.6798E-01  2.5249E-01  1.9692E-01  1.0492E-01  5.2400E-02  3.2183E-02
     7  2.8575E-01  2.6798E-01  2.0822E-01  1.1221E-01  5.5936E-02  3.2907E-02
     6  2.8575E-01  2.6798E-01  2.0822E-01  1.1221E-01  5.5936E-02  3.2907E-02
     5  2.6798E-01  2.5249E-01  1.9692E-01  1.0492E-01  5.2400E-02  3.2183E-02
     4  2.0822E-01  1.9692E-01  1.5353E-01  7.9975E-02  3.8408E-02  2.3373E-02
     3  1.1221E-01  1.0492E-01  7.9975E-02  4.5418E-02  2.0725E-02  1.1482E-02
     2  5.5936E-02  5.2400E-02  3.8408E-02  2.0725E-02  6.5777E-03  2.6571E-03
     1  3.2907E-02  3.2183E-02  2.3373E-02  1.1482E-02  2.6571E-03  1.8470E-03

********************************************************************************


 ***********************************
  Group=  14   Z Mid-Plane=    7
 ***********************************

     y    x    1      x    2      x    3      x    4      x    5      x    6
    12  1.8839E-03  2.7132E-03  1.1538E-02  2.3427E-02  3.2232E-02  3.2965E-02
    11  2.7132E-03  6.6576E-03  2.0814E-02  3.8503E-02  5.2499E-02  5.6045E-02
    10  1.1538E-02  2.0814E-02  4.5534E-02  8.0120E-02  1.0508E-01  1.1240E-01
     9  2.3427E-02  3.8503E-02  8.0120E-02  1.5374E-01  1.9717E-01  2.0848E-01
     8  3.2232E-02  5.2499E-02  1.0508E-01  1.9717E-01  2.5280E-01  2.6831E-01
     7  3.2965E-02  5.6045E-02  1.1240E-01  2.0848E-01  2.6831E-01  2.8611E-01
     6  3.2965E-02  5.6045E-02  1.1240E-01  2.0848E-01  2.6831E-01  2.8611E-01
     5  3.2232E-02  5.2499E-02  1.0508E-01  1.9717E-01  2.5280E-01  2.6831E-01
     4  2.3427E-02  3.8503E-02  8.0120E-02  1.5374E-01  1.9717E-01  2.0848E-01
     3  1.1538E-02  2.0814E-02  4.5534E-02  8.0120E-02  1.0508E-01  1.1240E-01
     2  2.7132E-03  6.6576E-03  2.0814E-02  3.8503E-02  5.2499E-02  5.6045E-02
     1  1.8839E-03  2.7132E-03  1.1538E-02  2.3427E-02  3.2232E-02  3.2965E-02

     y    x    7      x    8      x    9      x   10      x   11      x   12
    12  3.2965E-02  3.2232E-02  2.3427E-02  1.1538E-02  2.7132E-03  1.8839E-03
    11  5.6045E-02  5.2499E-02  3.8503E-02  2.0814E-02  6.6576E-03  2.7132E-03
    10  1.1240E-01  1.0508E-01  8.0120E-02  4.5534E-02  2.0814E-02  1.1538E-02
     9  2.0848E-01  1.9717E-01  1.5374E-01  8.0120E-02  3.8503E-02  2.3427E-02
     8  2.6831E-01  2.5280E-01  1.9717E-01  1.0508E-01  5.2499E-02  3.2232E-02
     7  2.8611E-01  2.6831E-01  2.0848E-01  1.1240E-01  5.6045E-02  3.2965E-02
     6  2.8611E-01  2.6831E-01  2.0848E-01  1.1240E-01  5.6045E-02  3.2965E-02
     5  2.6831E-01  2.5280E-01  1.9717E-01  1.0508E-01  5.2499E-02  3.2232E-02
