 SNAP: SN (Discrete Ordinates) Application Proxy
 Version Number..  1.01 
 Version Date..  03-25-2013
 Ran on  3-25-2013 at time 13:49: 0

********************************************************************************

          Input Echo - Values from input or default
********************************************************************************

  NML=invar
     npey=     4
     npez=     1
     ichunk=     4
     nthreads=     4
     nnested=   0
     ndimen=  2
     nx=    20
     ny=    20
     nz=     1
     lx=  2.0000E+01
     ly=  2.0000E+01
     lz=  1.0000E+00
     nmom=   4
     nang=   12
     ng=   10
     mat_opt=  0
     src_opt=  3
     scatp=  0
     epsi=  1.0000E-04
     iitm=   5
     oitm=  100
     timedep=  1
     tf=  1.0000E+00
     nsteps=    10
     it_det=  0
     fluxp=  0
     fixup=  1

********************************************************************************

          Calculation Run-time Parameters Echo
********************************************************************************

  Geometry
    ndimen = 2
    nx =    20
    ny =    20
    nz =     1
    lx =  2.0000E+01
    ly =  2.0000E+01
    lz =  1.0000E+00
    dx =  1.0000E+00
    dy =  1.0000E+00
    dz =  0.0000E+00

  Sn
    nmom = 4
    nang =   12
    noct = 4

    w =  2.0833E-02   ... uniform weights

          mu              eta               xi
     4.16666667E-02   9.58333333E-01
     1.25000000E-01   8.75000000E-01
     2.08333333E-01   7.91666667E-01
     2.91666667E-01   7.08333333E-01
     3.75000000E-01   6.25000000E-01
     4.58333333E-01   5.41666667E-01
     5.41666667E-01   4.58333333E-01
     6.25000000E-01   3.75000000E-01
     7.08333333E-01   2.91666667E-01
     7.91666667E-01   2.08333333E-01
     8.75000000E-01   1.25000000E-01
     9.58333333E-01   4.16666667E-02

  Material Map
    mat_opt = 0   -->   nmat = 1
    Base material (default for every cell) = 1

  Source Map
    src_opt = 3
    MMS-generated source

  Pseudo Cross Sections Data
    ng =  10

    Material 1
    Group         Total         Absorption      Scattering
       1       1.000000E+00    5.000000E-01    5.000000E-01
       2       1.010000E+00    5.050000E-01    5.050000E-01
       3       1.020000E+00    5.100000E-01    5.100000E-01
       4       1.030000E+00    5.150000E-01    5.150000E-01
       5       1.040000E+00    5.200000E-01    5.200000E-01
       6       1.050000E+00    5.250000E-01    5.250000E-01
       7       1.060000E+00    5.300000E-01    5.300000E-01
       8       1.070000E+00    5.350000E-01    5.350000E-01
       9       1.080000E+00    5.400000E-01    5.400000E-01
      10       1.090000E+00    5.450000E-01    5.450000E-01

  Time-Dependent Calculation Data
    tf =  1.0000E+00
    nsteps =   10
    dt =  1.0000E-01

    Group        Speed
       1       1.0000E+01
       2       9.0000E+00
       3       8.0000E+00
       4       7.0000E+00
       5       6.0000E+00
       6       5.0000E+00
       7       4.0000E+00
       8       3.0000E+00
       9       2.0000E+00
      10       1.0000E+00

  Solution Control Parameters
    epsi =  1.0000E-04
    iitm =   5
    oitm =  100
    timedep = 1
    it_det = 0
    fluxp = 0
    fixup = 1


  Parallelization Parameters
    npey =     4
    npez =     1
    nthreads =    4

          Thread Support Level
           0 - MPI_THREAD_SINGLE
           1 - MPI_THREAD_FUNNELED
           2 - MPI_THREAD_SERIALIZED
           3 - MPI_THREAD_MULTIPLE
    thread_level =  0

    .FALSE. nested threading
      nnested =    0

********************************************************************************

          Iteration Monitor
********************************************************************************

 ******************************
  Time Cycle   1
  Outer
    1    Dfmxo= 4.7857E-01    No. Inners=   40
    2    Dfmxo= 3.3110E-01    No. Inners=   32
    3    Dfmxo= 1.3000E-02    No. Inners=   23
    4    Dfmxo= 6.5147E-04    No. Inners=   18

  Cycle=   1    Time= 5.0000E-02    No. Outers=   4    No. Inners=  113

 ******************************
  Time Cycle   2
  Outer
    1    Dfmxo= 1.4357E+00    No. Inners=   40
    2    Dfmxo= 3.3104E-01    No. Inners=   32
    3    Dfmxo= 1.2913E-02    No. Inners=   23
    4    Dfmxo= 6.4612E-04    No. Inners=   17

  Cycle=   2    Time= 1.5000E-01    No. Outers=   4    No. Inners=  112

 ******************************
  Time Cycle   3
  Outer
    1    Dfmxo= 2.3928E+00    No. Inners=   40
    2    Dfmxo= 3.3096E-01    No. Inners=   32
    3    Dfmxo= 1.2818E-02    No. Inners=   23
    4    Dfmxo= 6.4261E-04    No. Inners=   17

  Cycle=   3    Time= 2.5000E-01    No. Outers=   4    No. Inners=  112

 ******************************
  Time Cycle   4
  Outer
    1    Dfmxo= 3.3499E+00    No. Inners=   40
    2    Dfmxo= 3.3091E-01    No. Inners=   32
    3    Dfmxo= 1.2751E-02    No. Inners=   23
    4    Dfmxo= 6.4101E-04    No. Inners=   17

  Cycle=   4    Time= 3.5000E-01    No. Outers=   4    No. Inners=  112

 ******************************
  Time Cycle   5
  Outer
    1    Dfmxo= 4.3070E+00    No. Inners=   40
    2    Dfmxo= 3.3088E-01    No. Inners=   32
    3    Dfmxo= 1.2707E-02    No. Inners=   23
    4    Dfmxo= 6.4034E-04    No. Inners=   17

  Cycle=   5    Time= 4.5000E-01    No. Outers=   4    No. Inners=  112

 ******************************
  Time Cycle   6
  Outer
    1    Dfmxo= 5.2641E+00    No. Inners=   40
    2    Dfmxo= 3.3087E-01    No. Inners=   32
    3    Dfmxo= 1.2680E-02    No. Inners=   23
    4    Dfmxo= 6.4009E-04    No. Inners=   17

  Cycle=   6    Time= 5.5000E-01    No. Outers=   4    No. Inners=  112

 ******************************
  Time Cycle   7
  Outer
    1    Dfmxo= 6.2212E+00    No. Inners=   40
    2    Dfmxo= 3.3086E-01    No. Inners=   32
    3    Dfmxo= 1.2663E-02    No. Inners=   23
    4    Dfmxo= 6.3994E-04    No. Inners=   17

  Cycle=   7    Time= 6.5000E-01    No. Outers=   4    No. Inners=  112

 ******************************
  Time Cycle   8
  Outer
    1    Dfmxo= 7.1782E+00    No. Inners=   40
    2    Dfmxo= 3.3087E-01    No. Inners=   32
    3    Dfmxo= 1.2654E-02    No. Inners=   23
    4    Dfmxo= 6.3988E-04    No. Inners=   17

  Cycle=   8    Time= 7.5000E-01    No. Outers=   4    No. Inners=  112

 ******************************
  Time Cycle   9
  Outer
    1    Dfmxo= 8.1353E+00    No. Inners=   40
    2    Dfmxo= 3.3087E-01    No. Inners=   32
    3    Dfmxo= 1.2651E-02    No. Inners=   23
    4    Dfmxo= 6.3986E-04    No. Inners=   17

  Cycle=   9    Time= 8.5000E-01    No. Outers=   4    No. Inners=  112

 ******************************
  Time Cycle  10
  Outer
    1    Dfmxo= 9.0923E+00    No. Inners=   40
    2    Dfmxo= 3.3089E-01    No. Inners=   32
    3    Dfmxo= 1.2652E-02    No. Inners=   23
    4    Dfmxo= 6.3987E-04    No. Inners=   17

  Cycle=  10    Time= 9.5000E-01    No. Outers=   4    No. Inners=  112

 ******************************
  Total inners for all time steps, outers =   1121

********************************************************************************

          Calculation Final Scalar Flux Solution
********************************************************************************

 ***********************************
  Group=   1   Z Mid-Plane=    1
 ***********************************

     y    x    1      x    2      x    3      x    4      x    5      x    6
    20  5.8420E-03  1.7374E-02  2.8479E-02  3.8884E-02  4.8331E-02  5.6589E-02
    19  1.7369E-02  5.1662E-02  8.4687E-02  1.1563E-01  1.4372E-01  1.6827E-01
    18  2.8471E-02  8.4686E-02  1.3882E-01  1.8954E-01  2.3559E-01  2.7584E-01
    17  3.8873E-02  1.1563E-01  1.8954E-01  2.5879E-01  3.2166E-01  3.7662E-01
    16  4.8317E-02  1.4372E-01  2.3559E-01  3.2166E-01  3.9982E-01  4.6812E-01
    15  5.6572E-02  1.6827E-01  2.7584E-01  3.7662E-01  4.6812E-01  5.4810E-01
    14  6.3434E-02  1.8868E-01  3.0930E-01  4.2230E-01  5.2491E-01  6.1458E-01
    13  6.8734E-02  2.0445E-01  3.3514E-01  4.5758E-01  5.6876E-01  6.6593E-01
    12  7.2342E-02  2.1518E-01  3.5273E-01  4.8160E-01  5.9861E-01  7.0089E-01
    11  7.4168E-02  2.2061E-01  3.6164E-01  4.9376E-01  6.1373E-01  7.1858E-01
    10  7.4168E-02  2.2061E-01  3.6164E-01  4.9376E-01  6.1373E-01  7.1858E-01
     9  7.2342E-02  2.1518E-01  3.5273E-01  4.8160E-01  5.9861E-01  7.0089E-01
     8  6.8734E-02  2.0445E-01  3.3514E-01  4.5758E-01  5.6876E-01  6.6593E-01
     7  6.3434E-02  1.8868E-01  3.0930E-01  4.2230E-01  5.2491E-01  6.1458E-01
     6  5.6572E-02  1.6827E-01  2.7584E-01  3.7662E-01  4.6812E-01  5.4810E-01
     5  4.8317E-02  1.4372E-01  2.3559E-01  3.2166E-01  3.9982E-01  4.6812E-01
     4  3.8873E-02  1.1563E-01  1.8954E-01  2.5879E-01  3.2166E-01  3.7662E-01
     3  2.8471E-02  8.4686E-02  1.3882E-01  1.8954E-01  2.3559E-01  2.7584E-01
     2  1.7369E-02  5.1662E-02  8.4687E-02  1.1563E-01  1.4372E-01  1.6827E-01
     1  5.8420E-03  1.7374E-02  2.8479E-02  3.8884E-02  4.8331E-02  5.6589E-02

     y    x    7      x    8      x    9      x   10      x   11      x   12
    20  6.3452E-02  6.8754E-02  7.2363E-02  7.4189E-02  7.4189E-02  7.2363E-02
    19  1.8869E-01  2.0445E-01  2.1518E-01  2.2061E-01  2.2061E-01  2.1518E-01
    18  3.0930E-01  3.3514E-01  3.5273E-01  3.6164E-01  3.6164E-01  3.5273E-01
    17  4.2230E-01  4.5758E-01  4.8160E-01  4.9376E-01  4.9376E-01  4.8160E-01
    16  5.2490E-01  5.6876E-01  5.9861E-01  6.1373E-01  6.1373E-01  5.9861E-01
    15  6.1458E-01  6.6593E-01  7.0089E-01  7.1858E-01  7.1858E-01  7.0089E-01
    14  6.8913E-01  7.4671E-01  7.8590E-01  8.0574E-01  8.0574E-01  7.8590E-01
    13  7.4671E-01  8.0910E-01  8.5156E-01  8.7306E-01  8.7306E-01  8.5156E-01
    12  7.8590E-01  8.5156E-01  8.9626E-01  9.1888E-01  9.1888E-01  8.9626E-01
    11  8.0574E-01  8.7306E-01  9.1888E-01  9.4208E-01  9.4208E-01  9.1888E-01
    10  8.0574E-01  8.7306E-01  9.1888E-01  9.4208E-01  9.4208E-01  9.1888E-01
     9  7.8590E-01  8.5156E-01  8.9626E-01  9.1888E-01  9.1888E-01  8.9626E-01
     8  7.4671E-01  8.0910E-01  8.5156E-01  8.7306E-01  8.7306E-01  8.5156E-01
     7  6.8913E-01  7.4671E-01  7.8590E-01  8.0574E-01  8.0574E-01  7.8590E-01
     6  6.1458E-01  6.6593E-01  7.0089E-01  7.1858E-01  7.1858E-01  7.0089E-01
     5  5.2490E-01  5.6876E-01  5.9861E-01  6.1373E-01  6.1373E-01  5.9861E-01
     4  4.2230E-01  4.5758E-01  4.8160E-01  4.9376E-01  4.9376E-01  4.8160E-01
     3  3.0930E-01  3.3514E-01  3.5273E-01  3.6164E-01  3.6164E-01  3.5273E-01
     2  1.8869E-01  2.0445E-01  2.1518E-01  2.2061E-01  2.2061E-01  2.1518E-01
     1  6.3452E-02  6.8754E-02  7.2363E-02  7.4189E-02  7.4189E-02  7.2363E-02

     y    x   13      x   14      x   15      x   16      x   17      x   18
    20  6.8754E-02  6.3452E-02  5.6589E-02  4.8331E-02  3.8884E-02  2.8479E-02
    19  2.0445E-01  1.8869E-01  1.6827E-01  1.4372E-01  1.1563E-01  8.4687E-02
    18  3.3514E-01  3.0930E-01  2.7584E-01  2.3559E-01  1.8954E-01  1.3882E-01
    17  4.5758E-01  4.2230E-01  3.7662E-01  3.2166E-01  2.5879E-01  1.8954E-01
    16  5.6876E-01  5.2490E-01  4.6812E-01  3.9982E-01  3.2166E-01  2.3559E-01
    15  6.6593E-01  6.1458E-01  5.4810E-01  4.6812E-01  3.7662E-01  2.7584E-01
    14  7.4671E-01  6.8913E-01  6.1458E-01  5.2491E-01  4.2230E-01  3.0930E-01
    13  8.0910E-01  7.4671E-01  6.6593E-01  5.6876E-01  4.5758E-01  3.3514E-01
    12  8.5156E-01  7.8590E-01  7.0089E-01  5.9861E-01  4.8160E-01  3.5273E-01
    11  8.7306E-01  8.0574E-01  7.1858E-01  6.1373E-01  4.9376E-01  3.6164E-01
    10  8.7306E-01  8.0574E-01  7.1858E-01  6.1373E-01  4.9376E-01  3.6164E-01
     9  8.5156E-01  7.8590E-01  7.0089E-01  5.9861E-01  4.8160E-01  3.5273E-01
     8  8.0910E-01  7.4671E-01  6.6593E-01  5.6876E-01  4.5758E-01  3.3514E-01
     7  7.4671E-01  6.8913E-01  6.1458E-01  5.2491E-01  4.2230E-01  3.0930E-01
     6  6.6593E-01  6.1458E-01  5.4810E-01  4.6812E-01  3.7662E-01  2.7584E-01
     5  5.6876E-01  5.2490E-01  4.6812E-01  3.9982E-01  3.2166E-01  2.3559E-01
     4  4.5758E-01  4.2230E-01  3.7662E-01  3.2166E-01  2.5879E-01  1.8954E-01
     3  3.3514E-01  3.0930E-01  2.7584E-01  2.3559E-01  1.8954E-01  1.3882E-01
     2  2.0445E-01  1.8869E-01  1.6827E-01  1.4372E-01  1.1563E-01  8.4687E-02
     1  6.8754E-02  6.3452E-02  5.6589E-02  4.8331E-02  3.8884E-02  2.8479E-02

     y    x   19      x   20
    20  1.7374E-02  5.8420E-03
    19  5.1662E-02  1.7369E-02
    18  8.4686E-02  2.8471E-02
    17  1.1563E-01  3.8873E-02
    16  1.4372E-01  4.8317E-02
    15  1.6827E-01  5.6572E-02
    14  1.8868E-01  6.3434E-02
    13  2.0445E-01  6.8734E-02
    12  2.1518E-01  7.2342E-02
    11  2.2061E-01  7.4168E-02
    10  2.2061E-01  7.4168E-02
     9  2.1518E-01  7.2342E-02
     8  2.0445E-01  6.8734E-02
     7  1.8868E-01  6.3434E-02
     6  1.6827E-01  5.6572E-02
     5  1.4372E-01  4.8317E-02
     4  1.1563E-01  3.8873E-02
     3  8.4686E-02  2.8471E-02
     2  5.1662E-02  1.7369E-02
     1  1.7374E-02  5.8420E-03

********************************************************************************


 ***********************************
  Group=   2   Z Mid-Plane=    1
 ***********************************

     y    x    1      x    2      x    3      x    4      x    5      x    6
    20  1.1684E-02  3.4746E-02  5.6956E-02  7.7765E-02  9.6660E-02  1.1317E-01
    19  3.4741E-02  1.0333E-01  1.6938E-01  2.3126E-01  2.8745E-01  3.3656E-01
    18  5.6948E-02  1.6938E-01  2.7766E-01  3.7910E-01  4.7121E-01  5.5171E-01
    17  7.7754E-02  2.3126E-01  3.7910E-01  5.1760E-01  6.4337E-01  7.5328E-01
    16  9.6646E-02  2.8745E-01  4.7121E-01  6.4337E-01  7.9968E-01  9.3631E-01
    15  1.1316E-01  3.3656E-01  5.5172E-01  7.5328E-01  9.3631E-01  1.0963E+00
    14  1.2688E-01  3.7739E-01  6.1864E-01  8.4465E-01  1.0499E+00  1.2292E+00
    13  1.3748E-01  4.0892E-01  6.7032E-01  9.1523E-01  1.1376E+00  1.3320E+00
    12  1.4470E-01  4.3038E-01  7.0551E-01  9.6326E-01  1.1973E+00  1.4019E+00
    11  1.4835E-01  4.4125E-01  7.2332E-01  9.8758E-01  1.2275E+00  1.4373E+00
    10  1.4835E-01  4.4125E-01  7.2332E-01  9.8758E-01  1.2275E+00  1.4373E+00
     9  1.4470E-01  4.3038E-01  7.0551E-01  9.6326E-01  1.1973E+00  1.4019E+00
     8  1.3748E-01  4.0892E-01  6.7032E-01  9.1523E-01  1.1376E+00  1.3320E+00
     7  1.2688E-01  3.7739E-01  6.1864E-01  8.4465E-01  1.0499E+00  1.2292E+00
     6  1.1316E-01  3.3656E-01  5.5172E-01  7.5328E-01  9.3631E-01  1.0963E+00
     5  9.6646E-02  2.8745E-01  4.7121E-01  6.4337E-01  7.9968E-01  9.3631E-01
     4  7.7754E-02  2.3126E-01  3.7910E-01  5.1760E-01  6.4337E-01  7.5328E-01
     3  5.6948E-02  1.6938E-01  2.7766E-01  3.7910E-01  4.7121E-01  5.5171E-01
     2  3.4741E-02  1.0333E-01  1.6938E-01  2.3126E-01  2.8745E-01  3.3656E-01
     1  1.1684E-02  3.4746E-02  5.6956E-02  7.7765E-02  9.6660E-02  1.1317E-01

     y    x    7      x    8      x    9      x   10      x   11      x   12
    20  1.2690E-01  1.3750E-01  1.4472E-01  1.4837E-01  1.4837E-01  1.4472E-01
    19  3.7739E-01  4.0892E-01  4.3038E-01  4.4125E-01  4.4125E-01  4.3038E-01
    18  6.1864E-01  6.7032E-01  7.0551E-01  7.2332E-01  7.2332E-01  7.0551E-01
    17  8.4465E-01  9.1523E-01  9.6326E-01  9.8758E-01  9.8758E-01  9.6326E-01
    16  1.0499E+00  1.1376E+00  1.1973E+00  1.2275E+00  1.2275E+00  1.1973E+00
    15  1.2292E+00  1.3320E+00  1.4019E+00  1.4373E+00  1.4373E+00  1.4019E+00
    14  1.3784E+00  1.4935E+00  1.5719E+00  1.6116E+00  1.6116E+00  1.5719E+00
    13  1.4935E+00  1.6183E+00  1.7032E+00  1.7462E+00  1.7462E+00  1.7032E+00
    12  1.5719E+00  1.7032E+00  1.7926E+00  1.8379E+00  1.8379E+00  1.7926E+00
    11  1.6116E+00  1.7462E+00  1.8379E+00  1.8843E+00  1.8843E+00  1.8379E+00
    10  1.6116E+00  1.7462E+00  1.8379E+00  1.8843E+00  1.8843E+00  1.8379E+00
     9  1.5719E+00  1.7032E+00  1.7926E+00  1.8379E+00  1.8379E+00  1.7926E+00
     8  1.4935E+00  1.6183E+00  1.7032E+00  1.7462E+00  1.7462E+00  1.7032E+00
     7  1.3784E+00  1.4935E+00  1.5719E+00  1.6116E+00  1.6116E+00  1.5719E+00
     6  1.2292E+00  1.3320E+00  1.4019E+00  1.4373E+00  1.4373E+00  1.4019E+00
     5  1.0499E+00  1.1376E+00  1.1973E+00  1.2275E+00  1.2275E+00  1.1973E+00
     4  8.4465E-01  9.1523E-01  9.6326E-01  9.8758E-01  9.8758E-01  9.6326E-01
     3  6.1864E-01  6.7032E-01  7.0551E-01  7.2332E-01  7.2332E-01  7.0551E-01
     2  3.7739E-01  4.0892E-01  4.3038E-01  4.4125E-01  4.4125E-01  4.3038E-01
     1  1.2690E-01  1.3750E-01  1.4472E-01  1.4837E-01  1.4837E-01  1.4472E-01

     y    x   13      x   14      x   15      x   16      x   17      x   18
    20  1.3750E-01  1.2690E-01  1.1317E-01  9.6660E-02  7.7765E-02  5.6956E-02
    19  4.0892E-01  3.7739E-01  3.3656E-01  2.8745E-01  2.3126E-01  1.6938E-01
    18  6.7032E-01  6.1864E-01  5.5171E-01  4.7121E-01  3.7910E-01  2.7766E-01
    17  9.1523E-01  8.4465E-01  7.5328E-01  6.4337E-01  5.1760E-01  3.7910E-01
    16  1.1376E+00  1.0499E+00  9.3631E-01  7.9968E-01  6.4337E-01  4.7121E-01
    15  1.3320E+00  1.2292E+00  1.0963E+00  9.3631E-01  7.5328E-01  5.5172E-01
    14  1.4935E+00  1.3784E+00  1.2292E+00  1.0499E+00  8.4465E-01  6.1864E-01
    13  1.6183E+00  1.4935E+00  1.3320E+00  1.1376E+00  9.1523E-01  6.7032E-01
    12  1.7032E+00  1.5719E+00  1.4019E+00  1.1973E+00  9.6326E-01  7.0551E-01
    11  1.7462E+00  1.6116E+00  1.4373E+00  1.2275E+00  9.8758E-01  7.2332E-01
    10  1.7462E+00  1.6116E+00  1.4373E+00  1.2275E+00  9.8758E-01  7.2332E-01
     9  1.7032E+00  1.5719E+00  1.4019E+00  1.1973E+00  9.6326E-01  7.0551E-01
     8  1.6183E+00  1.4935E+00  1.3320E+00  1.1376E+00  9.1523E-01  6.7032E-01
     7  1.4935E+00  1.3784E+00  1.2292E+00  1.0499E+00  8.4465E-01  6.1864E-01
     6  1.3320E+00  1.2292E+00  1.0963E+00  9.3631E-01  7.5328E-01  5.5172E-01
     5  1.1376E+00  1.0499E+00  9.3631E-01  7.9968E-01  6.4337E-01  4.7121E-01
     4  9.1523E-01  8.4465E-01  7.5328E-01  6.4337E-01  5.1760E-01  3.7910E-01
     3  6.7032E-01  6.1864E-01  5.5171E-01  4.7121E-01  3.7910E-01  2.7766E-01
     2  4.0892E-01  3.7739E-01  3.3656E-01  2.8745E-01  2.3126E-01  1.6938E-01
     1  1.3750E-01  1.2690E-01  1.1317E-01  9.6660E-02  7.7765E-02  5.6956E-02

     y    x   19      x   20
    20  3.4746E-02  1.1684E-02
    19  1.0333E-01  3.4741E-02
    18  1.6938E-01  5.6948E-02
    17  2.3126E-01  7.7754E-02
    16  2.8745E-01  9.6646E-02
    15  3.3656E-01  1.1316E-01
    14  3.7739E-01  1.2688E-01
    13  4.0892E-01  1.3748E-01
    12  4.3038E-01  1.4470E-01
    11  4.4125E-01  1.4835E-01
    10  4.4125E-01  1.4835E-01
     9  4.3038E-01  1.4470E-01
     8  4.0892E-01  1.3748E-01
     7  3.7739E-01  1.2688E-01
     6  3.3656E-01  1.1316E-01
     5  2.8745E-01  9.6646E-02
     4  2.3126E-01  7.7754E-02
     3  1.6938E-01  5.6948E-02
     2  1.0333E-01  3.4741E-02
     1  3.4746E-02  1.1684E-02

********************************************************************************


 ***********************************
  Group=   3   Z Mid-Plane=    1
 ***********************************

     y    x    1      x    2      x    3      x    4      x    5      x    6
    20  1.7525E-02  5.2117E-02  8.5433E-02  1.1665E-01  1.4499E-01  1.6976E-01
    19  5.2112E-02  1.5499E-01  2.5407E-01  3.4690E-01  4.3118E-01  5.0485E-01
    18  8.5424E-02  2.5407E-01  4.1649E-01  5.6866E-01  7.0682E-01  8.2758E-01
    17  1.1663E-01  3.4690E-01  5.6866E-01  7.7642E-01  9.6506E-01  1.1299E+00
    16  1.4497E-01  4.3118E-01  7.0682E-01  9.6506E-01  1.1995E+00  1.4045E+00
    15  1.6974E-01  5.0485E-01  8.2759E-01  1.1299E+00  1.4045E+00  1.6444E+00
    14  1.9033E-01  5.6609E-01  9.2797E-01  1.2670E+00  1.5748E+00  1.8439E+00
    13  2.0623E-01  6.1339E-01  1.0055E+00  1.3729E+00  1.7064E+00  1.9980E+00
    12  2.1705E-01  6.4558E-01  1.0583E+00  1.4449E+00  1.7960E+00  2.1028E+00
    11  2.2253E-01  6.6188E-01  1.0850E+00  1.4814E+00  1.8413E+00  2.1559E+00
    10  2.2253E-01  6.6188E-01  1.0850E+00  1.4814E+00  1.8413E+00  2.1559E+00
     9  2.1705E-01  6.4558E-01  1.0583E+00  1.4449E+00  1.7960E+00  2.1028E+00
     8  2.0623E-01  6.1339E-01  1.0055E+00  1.3729E+00  1.7064E+00  1.9980E+00
     7  1.9033E-01  5.6609E-01  9.2797E-01  1.2670E+00  1.5748E+00  1.8439E+00
     6  1.6974E-01  5.0485E-01  8.2759E-01  1.1299E+00  1.4045E+00  1.6444E+00
     5  1.4497E-01  4.3118E-01  7.0682E-01  9.6506E-01  1.1995E+00  1.4045E+00
     4  1.1663E-01  3.4690E-01  5.6866E-01  7.7642E-01  9.6506E-01  1.1299E+00
     3  8.5424E-02  2.5407E-01  4.1649E-01  5.6866E-01  7.0682E-01  8.2758E-01
     2  5.2112E-02  1.5499E-01  2.5407E-01  3.4690E-01  4.3118E-01  5.0485E-01
     1  1.7525E-02  5.2117E-02  8.5433E-02  1.1665E-01  1.4499E-01  1.6976E-01

     y    x    7      x    8      x    9      x   10      x   11      x   12
    20  1.9035E-01  2.0625E-01  2.1708E-01  2.2256E-01  2.2256E-01  2.1708E-01
    19  5.6609E-01  6.1339E-01  6.4558E-01  6.6188E-01  6.6188E-01  6.4558E-01
    18  9.2797E-01  1.0055E+00  1.0583E+00  1.0850E+00  1.0850E+00  1.0583E+00
    17  1.2670E+00  1.3729E+00  1.4449E+00  1.4814E+00  1.4814E+00  1.4449E+00
    16  1.5748E+00  1.7064E+00  1.7960E+00  1.8413E+00  1.8413E+00  1.7960E+00
    15  1.8439E+00  1.9980E+00  2.1028E+00  2.1559E+00  2.1559E+00  2.1028E+00
    14  2.0676E+00  2.2403E+00  2.3579E+00  2.4174E+00  2.4174E+00  2.3579E+00
    13  2.2403E+00  2.4275E+00  2.5549E+00  2.6194E+00  2.6194E+00  2.5549E+00
    12  2.3579E+00  2.5549E+00  2.6890E+00  2.7569E+00  2.7569E+00  2.6890E+00
    11  2.4174E+00  2.6194E+00  2.7569E+00  2.8265E+00  2.8265E+00  2.7569E+00
    10  2.4174E+00  2.6194E+00  2.7569E+00  2.8265E+00  2.8265E+00  2.7569E+00
     9  2.3579E+00  2.5549E+00  2.6890E+00  2.7569E+00  2.7569E+00  2.6890E+00
     8  2.2403E+00  2.4275E+00  2.5549E+00  2.6194E+00  2.6194E+00  2.5549E+00
     7  2.0676E+00  2.2403E+00  2.3579E+00  2.4174E+00  2.4174E+00  2.3579E+00
     6  1.8439E+00  1.9980E+00  2.1028E+00  2.1559E+00  2.1559E+00  2.1028E+00
     5  1.5748E+00  1.7064E+00  1.7960E+00  1.8413E+00  1.8413E+00  1.7960E+00
     4  1.2670E+00  1.3729E+00  1.4449E+00  1.4814E+00  1.4814E+00  1.4449E+00
     3  9.2797E-01  1.0055E+00  1.0583E+00  1.0850E+00  1.0850E+00  1.0583E+00
     2  5.6609E-01  6.1339E-01  6.4558E-01  6.6188E-01  6.6188E-01  6.4558E-01
     1  1.9035E-01  2.0625E-01  2.1708E-01  2.2256E-01  2.2256E-01  2.1708E-01

     y    x   13      x   14      x   15      x   16      x   17      x   18
    20  2.0625E-01  1.9035E-01  1.6976E-01  1.4499E-01  1.1665E-01  8.5433E-02
    19  6.1339E-01  5.6609E-01  5.0485E-01  4.3118E-01  3.4690E-01  2.5407E-01
    18  1.0055E+00  9.2797E-01  8.2758E-01  7.0682E-01  5.6866E-01  4.1649E-01
    17  1.3729E+00  1.2670E+00  1.1299E+00  9.6506E-01  7.7642E-01  5.6866E-01
    16  1.7064E+00  1.5748E+00  1.4045E+00  1.1995E+00  9.6506E-01  7.0682E-01
    15  1.9980E+00  1.8439E+00  1.6444E+00  1.4045E+00  1.1299E+00  8.2759E-01
    14  2.2403E+00  2.0676E+00  1.8439E+00  1.5748E+00  1.2670E+00  9.2797E-01
    13  2.4275E+00  2.2403E+00  1.9980E+00  1.7064E+00  1.3729E+00  1.0055E+00
    12  2.5549E+00  2.3579E+00  2.1028E+00  1.7960E+00  1.4449E+00  1.0583E+00
    11  2.6194E+00  2.4174E+00  2.1559E+00  1.8413E+00  1.4814E+00  1.0850E+00
    10  2.6194E+00  2.4174E+00  2.1559E+00  1.8413E+00  1.4814E+00  1.0850E+00
     9  2.5549E+00  2.3579E+00  2.1028E+00  1.7960E+00  1.4449E+00  1.0583E+00
     8  2.4275E+00  2.2403E+00  1.9980E+00  1.7064E+00  1.3729E+00  1.0055E+00
     7  2.2403E+00  2.0676E+00  1.8439E+00  1.5748E+00  1.2670E+00  9.2797E-01
     6  1.9980E+00  1.8439E+00  1.6444E+00  1.4045E+00  1.1299E+00  8.2759E-01
     5  1.7064E+00  1.5748E+00  1.4045E+00  1.1995E+00  9.6506E-01  7.0682E-01
     4  1.3729E+00  1.2670E+00  1.1299E+00  9.6506E-01  7.7642E-01  5.6866E-01
     3  1.0055E+00  9.2797E-01  8.2758E-01  7.0682E-01  5.6866E-01  4.1649E-01
     2  6.1339E-01  5.6609E-01  5.0485E-01  4.3118E-01  3.4690E-01  2.5407E-01
     1  2.0625E-01  1.9035E-01  1.6976E-01  1.4499E-01  1.1665E-01  8.5433E-02

     y    x   19      x   20
    20  5.2117E-02  1.7525E-02
    19  1.5499E-01  5.2112E-02
    18  2.5407E-01  8.5424E-02
    17  3.4690E-01  1.1663E-01
    16  4.3118E-01  1.4497E-01
    15  5.0485E-01  1.6974E-01
    14  5.6609E-01  1.9033E-01
    13  6.1339E-01  2.0623E-01
    12  6.4558E-01  2.1705E-01
    11  6.6188E-01  2.2253E-01
    10  6.6188E-01  2.2253E-01
     9  6.4558E-01  2.1705E-01
     8  6.1339E-01  2.0623E-01
     7  5.6609E-01  1.9033E-01
     6  5.0485E-01  1.6974E-01
     5  4.3118E-01  1.4497E-01
     4  3.4690E-01  1.1663E-01
     3  2.5407E-01  8.5424E-02
     2  1.5499E-01  5.2112E-02
     1  5.2117E-02  1.7525E-02

********************************************************************************


 ***********************************
  Group=   4   Z Mid-Plane=    1
 ***********************************

     y    x    1      x    2      x    3      x    4      x    5      x    6
    20  2.3366E-02  6.9488E-02  1.1391E-01  1.5553E-01  1.9331E-01  2.2634E-01
    19  6.9482E-02  2.0666E-01  3.3877E-01  4.6253E-01  5.7491E-01  6.7314E-01
    18  1.1390E-01  3.3877E-01  5.5533E-01  7.5822E-01  9.4244E-01  1.1035E+00
    17  1.5551E-01  4.6253E-01  7.5822E-01  1.0352E+00  1.2868E+00  1.5066E+00
    16  1.9330E-01  5.7491E-01  9.4244E-01  1.2868E+00  1.5994E+00  1.8727E+00
    15  2.2632E-01  6.7314E-01  1.1035E+00  1.5066E+00  1.8727E+00  2.1926E+00
    14  2.5377E-01  7.5479E-01  1.2373E+00  1.6893E+00  2.0998E+00  2.4585E+00
    13  2.7497E-01  8.1785E-01  1.3407E+00  1.8305E+00  2.2752E+00  2.6640E+00
    12  2.8941E-01  8.6078E-01  1.4110E+00  1.9266E+00  2.3947E+00  2.8038E+00
    11  2.9671E-01  8.8251E-01  1.4467E+00  1.9752E+00  2.4551E+00  2.8746E+00
    10  2.9671E-01  8.8251E-01  1.4467E+00  1.9752E+00  2.4551E+00  2.8746E+00
     9  2.8941E-01  8.6078E-01  1.4110E+00  1.9266E+00  2.3947E+00  2.8038E+00
     8  2.7497E-01  8.1785E-01  1.3407E+00  1.8305E+00  2.2752E+00  2.6640E+00
     7  2.5377E-01  7.5479E-01  1.2373E+00  1.6893E+00  2.0998E+00  2.4585E+00
     6  2.2632E-01  6.7314E-01  1.1035E+00  1.5066E+00  1.8727E+00  2.1926E+00
     5  1.9330E-01  5.7491E-01  9.4244E-01  1.2868E+00  1.5994E+00  1.8727E+00
     4  1.5551E-01  4.6253E-01  7.5822E-01  1.0352E+00  1.2868E+00  1.5066E+00
     3  1.1390E-01  3.3877E-01  5.5533E-01  7.5822E-01  9.4244E-01  1.1035E+00
     2  6.9482E-02  2.0666E-01  3.3877E-01  4.6253E-01  5.7491E-01  6.7314E-01
     1  2.3366E-02  6.9488E-02  1.1391E-01  1.5553E-01  1.9331E-01  2.2634E-01

     y    x    7      x    8      x    9      x   10      x   11      x   12
    20  2.5379E-01  2.7500E-01  2.8943E-01  2.9674E-01  2.9674E-01  2.8943E-01
    19  7.5479E-01  8.1785E-01  8.6078E-01  8.8251E-01  8.8251E-01  8.6078E-01
    18  1.2373E+00  1.3407E+00  1.4110E+00  1.4467E+00  1.4467E+00  1.4110E+00
    17  1.6893E+00  1.8305E+00  1.9266E+00  1.9752E+00  1.9752E+00  1.9266E+00
    16  2.0998E+00  2.2752E+00  2.3947E+00  2.4551E+00  2.4551E+00  2.3947E+00
    15  2.4585E+00  2.6640E+00  2.8038E+00  2.8746E+00  2.8746E+00  2.8038E+00
    14  2.7568E+00  2.9871E+00  3.1439E+00  3.2232E+00  3.2232E+00  3.1439E+00
    13  2.9871E+00  3.2367E+00  3.4065E+00  3.4925E+00  3.4925E+00  3.4065E+00
    12  3.1439E+00  3.4065E+00  3.5853E+00  3.6759E+00  3.6759E+00  3.5853E+00
    11  3.2232E+00  3.4925E+00  3.6759E+00  3.7687E+00  3.7687E+00  3.6759E+00
    10  3.2232E+00  3.4925E+00  3.6759E+00  3.7687E+00  3.7687E+00  3.6759E+00
     9  3.1439E+00  3.4065E+00  3.5853E+00  3.6759E+00  3.6759E+00  3.5853E+00
     8  2.9871E+00  3.2367E+00  3.4065E+00  3.4925E+00  3.4925E+00  3.4065E+00
     7  2.7568E+00  2.9871E+00  3.1439E+00  3.2232E+00  3.2232E+00  3.1439E+00
     6  2.4585E+00  2.6640E+00  2.8038E+00  2.8746E+00  2.8746E+00  2.8038E+00
     5  2.0998E+00  2.2752E+00  2.3947E+00  2.4551E+00  2.4551E+00  2.3947E+00
     4  1.6893E+00  1.8305E+00  1.9266E+00  1.9752E+00  1.9752E+00  1.9266E+00
     3  1.2373E+00  1.3407E+00  1.4110E+00  1.4467E+00  1.4467E+00  1.4110E+00
     2  7.5479E-01  8.1785E-01  8.6078E-01  8.8251E-01  8.8251E-01  8.6078E-01
     1  2.5379E-01  2.7500E-01  2.8943E-01  2.9674E-01  2.9674E-01  2.8943E-01

     y    x   13      x   14      x   15      x   16      x   17      x   18
    20  2.7500E-01  2.5379E-01  2.2634E-01  1.9331E-01  1.5553E-01  1.1391E-01
    19  8.1785E-01  7.5479E-01  6.7314E-01  5.7491E-01  4.6253E-01  3.3877E-01
    18  1.3407E+00  1.2373E+00  1.1035E+00  9.4244E-01  7.5822E-01  5.5533E-01
    17  1.8305E+00  1.6893E+00  1.5066E+00  1.2868E+00  1.0352E+00  7.5822E-01
    16  2.2752E+00  2.0998E+00  1.8727E+00  1.5994E+00  1.2868E+00  9.4244E-01
    15  2.6640E+00  2.4585E+00  2.1926E+00  1.8727E+00  1.5066E+00  1.1035E+00
    14  2.9871E+00  2.7568E+00  2.4585E+00  2.0998E+00  1.6893E+00  1.2373E+00
    13  3.2367E+00  2.9871E+00  2.6640E+00  2.2752E+00  1.8305E+00  1.3407E+00
    12  3.4065E+00  3.1439E+00  2.8038E+00  2.3947E+00  1.9266E+00  1.4110E+00
    11  3.4925E+00  3.2232E+00  2.8746E+00  2.4551E+00  1.9752E+00  1.4467E+00
    10  3.4925E+00  3.2232E+00  2.8746E+00  2.4551E+00  1.9752E+00  1.4467E+00
     9  3.4065E+00  3.1439E+00  2.8038E+00  2.3947E+00  1.9266E+00  1.4110E+00
     8  3.2367E+00  2.9871E+00  2.6640E+00  2.2752E+00  1.8305E+00  1.3407E+00
     7  2.9871E+00  2.7568E+00  2.4585E+00  2.0998E+00  1.6893E+00  1.2373E+00
     6  2.6640E+00  2.4585E+00  2.1926E+00  1.8727E+00  1.5066E+00  1.1035E+00
     5  2.2752E+00  2.0998E+00  1.8727E+00  1.5994E+00  1.2868E+00  9.4244E-01
     4  1.8305E+00  1.6893E+00  1.5066E+00  1.2868E+00  1.0352E+00  7.5822E-01
     3  1.3407E+00  1.2373E+00  1.1035E+00  9.4244E-01  7.5822E-01  5.5533E-01
     2  8.1785E-01  7.5479E-01  6.7314E-01  5.7491E-01  4.6253E-01  3.3877E-01
     1  2.7500E-01  2.5379E-01  2.2634E-01  1.9331E-01  1.5553E-01  1.1391E-01

     y    x   19      x   20
    20  6.9488E-02  2.3366E-02
    19  2.0666E-01  6.9482E-02
    18  3.3877E-01  1.1390E-01
    17  4.6253E-01  1.5551E-01
    16  5.7491E-01  1.9330E-01
    15  6.7314E-01  2.2632E-01
    14  7.5479E-01  2.5377E-01
    13  8.1785E-01  2.7497E-01
    12  8.6078E-01  2.8941E-01
    11  8.8251E-01  2.9671E-01
    10  8.8251E-01  2.9671E-01
     9  8.6078E-01  2.8941E-01
     8  8.1785E-01  2.7497E-01
     7  7.5479E-01  2.5377E-01
     6  6.7314E-01  2.2632E-01
     5  5.7491E-01  1.9330E-01
     4  4.6253E-01  1.5551E-01
     3  3.3877E-01  1.1390E-01
     2  2.0666E-01  6.9482E-02
     1  6.9488E-02  2.3366E-02

********************************************************************************


 ***********************************
  Group=   5   Z Mid-Plane=    1
 ***********************************

     y    x    1      x    2      x    3      x    4      x    5      x    6
    20  2.9206E-02  8.6858E-02  1.4238E-01  1.9440E-01  2.4164E-01  2.8292E-01
    19  8.6851E-02  2.5832E-01  4.2346E-01  5.7817E-01  7.1864E-01  8.4142E-01
    18  1.4237E-01  4.2346E-01  6.9416E-01  9.4777E-01  1.1781E+00  1.3793E+00
    17  1.9439E-01  5.7817E-01  9.4777E-01  1.2940E+00  1.6085E+00  1.8833E+00
    16  2.4162E-01  7.1864E-01  1.1781E+00  1.6085E+00  1.9993E+00  2.3408E+00
    15  2.8290E-01  8.4142E-01  1.3793E+00  1.8833E+00  2.3408E+00  2.7408E+00
    14  3.1721E-01  9.4348E-01  1.5466E+00  2.1117E+00  2.6248E+00  3.0732E+00
    13  3.4371E-01  1.0223E+00  1.6758E+00  2.2881E+00  2.8441E+00  3.3300E+00
    12  3.6175E-01  1.0760E+00  1.7638E+00  2.4082E+00  2.9933E+00  3.5047E+00
    11  3.7089E-01  1.1031E+00  1.8083E+00  2.4690E+00  3.0689E+00  3.5932E+00
    10  3.7089E-01  1.1031E+00  1.8083E+00  2.4690E+00  3.0689E+00  3.5932E+00
     9  3.6175E-01  1.0760E+00  1.7638E+00  2.4082E+00  2.9933E+00  3.5047E+00
     8  3.4371E-01  1.0223E+00  1.6758E+00  2.2881E+00  2.8441E+00  3.3300E+00
     7  3.1721E-01  9.4348E-01  1.5466E+00  2.1117E+00  2.6248E+00  3.0732E+00
     6  2.8290E-01  8.4142E-01  1.3793E+00  1.8833E+00  2.3408E+00  2.7408E+00
     5  2.4162E-01  7.1864E-01  1.1781E+00  1.6085E+00  1.9993E+00  2.3408E+00
     4  1.9439E-01  5.7817E-01  9.4777E-01  1.2940E+00  1.6085E+00  1.8833E+00
     3  1.4237E-01  4.2346E-01  6.9416E-01  9.4777E-01  1.1781E+00  1.3793E+00
     2  8.6851E-02  2.5832E-01  4.2346E-01  5.7817E-01  7.1864E-01  8.4142E-01
     1  2.9206E-02  8.6858E-02  1.4238E-01  1.9440E-01  2.4164E-01  2.8292E-01

     y    x    7      x    8      x    9      x   10      x   11      x   12
    20  3.1724E-01  3.4374E-01  3.6178E-01  3.7092E-01  3.7092E-01  3.6178E-01
    19  9.4348E-01  1.0223E+00  1.0760E+00  1.1031E+00  1.1031E+00  1.0760E+00
    18  1.5466E+00  1.6758E+00  1.7638E+00  1.8083E+00  1.8083E+00  1.7638E+00
    17  2.1117E+00  2.2881E+00  2.4082E+00  2.4690E+00  2.4690E+00  2.4082E+00
    16  2.6248E+00  2.8441E+00  2.9933E+00  3.0689E+00  3.0689E+00  2.9933E+00
    15  3.0732E+00  3.3300E+00  3.5047E+00  3.5932E+00  3.5932E+00  3.5047E+00
    14  3.4460E+00  3.7339E+00  3.9299E+00  4.0291E+00  4.0291E+00  3.9299E+00
    13  3.7339E+00  4.0458E+00  4.2582E+00  4.3657E+00  4.3657E+00  4.2582E+00
    12  3.9299E+00  4.2582E+00  4.4817E+00  4.5948E+00  4.5948E+00  4.4817E+00
    11  4.0291E+00  4.3657E+00  4.5948E+00  4.7108E+00  4.7108E+00  4.5948E+00
    10  4.0291E+00  4.3657E+00  4.5948E+00  4.7108E+00  4.7108E+00  4.5948E+00
     9  3.9299E+00  4.2582E+00  4.4817E+00  4.5948E+00  4.5948E+00  4.4817E+00
     8  3.7339E+00  4.0458E+00  4.2582E+00  4.3657E+00  4.3657E+00  4.2582E+00
     7  3.4460E+00  3.7339E+00  3.9299E+00  4.0291E+00  4.0291E+00  3.9299E+00
     6  3.0732E+00  3.3300E+00  3.5047E+00  3.5932E+00  3.5932E+00  3.5047E+00
     5  2.6248E+00  2.8441E+00  2.9933E+00  3.0689E+00  3.0689E+00  2.9933E+00
     4  2.1117E+00  2.2881E+00  2.4082E+00  2.4690E+00  2.4690E+00  2.4082E+00
     3  1.5466E+00  1.6758E+00  1.7638E+00  1.8083E+00  1.8083E+00  1.7638E+00
     2  9.4348E-01  1.0223E+00  1.0760E+00  1.1031E+00  1.1031E+00  1.0760E+00
     1  3.1724E-01  3.4374E-01  3.6178E-01  3.7092E-01  3.7092E-01  3.6178E-01

     y    x   13      x   14      x   15      x   16      x   17      x   18
    20  3.4374E-01  3.1724E-01  2.8292E-01  2.4164E-01  1.9440E-01  1.4238E-01
    19  1.0223E+00  9.4348E-01  8.4142E-01  7.1864E-01  5.7817E-01  4.2346E-01
    18  1.6758E+00  1.5466E+00  1.3793E+00  1.1781E+00  9.4777E-01  6.9416E-01
    17  2.2881E+00  2.1117E+00  1.8833E+00  1.6085E+00  1.2940E+00  9.4777E-01
    16  2.8441E+00  2.6248E+00  2.3408E+00  1.9993E+00  1.6085E+00  1.1781E+00
    15  3.3300E+00  3.0732E+00  2.7408E+00  2.3408E+00  1.8833E+00  1.3793E+00
    14  3.7339E+00  3.4460E+00  3.0732E+00  2.6248E+00  2.1117E+00  1.5466E+00
    13  4.0458E+00  3.7339E+00  3.3300E+00  2.8441E+00  2.2881E+00  1.6758E+00
    12  4.2582E+00  3.9299E+00  3.5047E+00  2.9933E+00  2.4082E+00  1.7638E+00
    11  4.3657E+00  4.0291E+00  3.5932E+00  3.0689E+00  2.4690E+00  1.8083E+00
    10  4.3657E+00  4.0291E+00  3.5932E+00  3.0689E+00  2.4690E+00  1.8083E+00
     9  4.2582E+00  3.9299E+00  3.5047E+00  2.9933E+00  2.4082E+00  1.7638E+00
     8  4.0458E+00  3.7339E+00  3.3300E+00  2.8441E+00  2.2881E+00  1.6758E+00
     7  3.7339E+00  3.4460E+00  3.0732E+00  2.6248E+00  2.1117E+00  1.5466E+00
     6  3.3300E+00  3.0732E+00  2.7408E+00  2.3408E+00  1.8833E+00  1.3793E+00
     5  2.8441E+00  2.6248E+00  2.3408E+00  1.9993E+00  1.6085E+00  1.1781E+00
     4  2.2881E+00  2.1117E+00  1.8833E+00  1.6085E+00  1.2940E+00  9.4777E-01
     3  1.6758E+00  1.5466E+00  1.3793E+00  1.1781E+00  9.4777E-01  6.9416E-01
     2  1.0223E+00  9.4348E-01  8.4142E-01  7.1864E-01  5.7817E-01  4.2346E-01
     1  3.4374E-01  3.1724E-01  2.8292E-01  2.4164E-01  1.9440E-01  1.4238E-01

     y    x   19      x   20
    20  8.6858E-02  2.9206E-02
    19  2.5832E-01  8.6851E-02
    18  4.2346E-01  1.4237E-01
    17  5.7817E-01  1.9439E-01
    16  7.1864E-01  2.4162E-01
    15  8.4142E-01  2.8290E-01
    14  9.4348E-01  3.1721E-01
    13  1.0223E+00  3.4371E-01
    12  1.0760E+00  3.6175E-01
    11  1.1031E+00  3.7089E-01
    10  1.1031E+00  3.7089E-01
     9  1.0760E+00  3.6175E-01
     8  1.0223E+00  3.4371E-01
     7  9.4348E-01  3.1721E-01
     6  8.4142E-01  2.8290E-01
     5  7.1864E-01  2.4162E-01
     4  5.7817E-01  1.9439E-01
     3  4.2346E-01  1.4237E-01
     2  2.5832E-01  8.6851E-02
     1  8.6858E-02  2.9206E-02

********************************************************************************


 ***********************************
  Group=   6   Z Mid-Plane=    1
 ***********************************

     y    x    1      x    2      x    3      x    4      x    5      x    6
    20  3.5045E-02  1.0423E-01  1.7086E-01  2.3328E-01  2.8996E-01  3.3950E-01
    19  1.0422E-01  3.0998E-01  5.0815E-01  6.9380E-01  8.6237E-01  1.0097E+00
    18  1.7084E-01  5.0815E-01  8.3299E-01  1.1373E+00  1.4137E+00  1.6552E+00
    17  2.3326E-01  6.9380E-01  1.1373E+00  1.5529E+00  1.9301E+00  2.2599E+00
    16  2.8993E-01  8.6237E-01  1.4137E+00  1.9301E+00  2.3991E+00  2.8090E+00
    15  3.3947E-01  1.0097E+00  1.6552E+00  2.2599E+00  2.8090E+00  3.2889E+00
    14  3.8065E-01  1.1322E+00  1.8560E+00  2.5340E+00  3.1497E+00  3.6878E+00
    13  4.1245E-01  1.2268E+00  2.0110E+00  2.7458E+00  3.4129E+00  3.9960E+00
    12  4.3410E-01  1.2912E+00  2.1166E+00  2.8899E+00  3.5920E+00  4.2057E+00
    11  4.4506E-01  1.3238E+00  2.1700E+00  2.9628E+00  3.6827E+00  4.3119E+00
    10  4.4506E-01  1.3238E+00  2.1700E+00  2.9628E+00  3.6827E+00  4.3119E+00
     9  4.3410E-01  1.2912E+00  2.1166E+00  2.8899E+00  3.5920E+00  4.2057E+00
     8  4.1245E-01  1.2268E+00  2.0110E+00  2.7458E+00  3.4129E+00  3.9960E+00
     7  3.8065E-01  1.1322E+00  1.8560E+00  2.5340E+00  3.1497E+00  3.6878E+00
     6  3.3947E-01  1.0097E+00  1.6552E+00  2.2599E+00  2.8090E+00  3.2889E+00
     5  2.8993E-01  8.6237E-01  1.4137E+00  1.9301E+00  2.3991E+00  2.8090E+00
     4  2.3326E-01  6.9380E-01  1.1373E+00  1.5529E+00  1.9301E+00  2.2599E+00
     3  1.7084E-01  5.0815E-01  8.3299E-01  1.1373E+00  1.4137E+00  1.6552E+00
     2  1.0422E-01  3.0998E-01  5.0815E-01  6.9380E-01  8.6237E-01  1.0097E+00
     1  3.5045E-02  1.0423E-01  1.7086E-01  2.3328E-01  2.8996E-01  3.3950E-01

     y    x    7      x    8      x    9      x   10      x   11      x   12
    20  3.8067E-01  4.1248E-01  4.3413E-01  4.4509E-01  4.4509E-01  4.3413E-01
    19  1.1322E+00  1.2268E+00  1.2912E+00  1.3238E+00  1.3238E+00  1.2912E+00
    18  1.8560E+00  2.0110E+00  2.1166E+00  2.1700E+00  2.1700E+00  2.1166E+00
    17  2.5340E+00  2.7458E+00  2.8899E+00  2.9628E+00  2.9628E+00  2.8899E+00
    16  3.1497E+00  3.4129E+00  3.5920E+00  3.6827E+00  3.6827E+00  3.5920E+00
    15  3.6878E+00  3.9960E+00  4.2057E+00  4.3119E+00  4.3119E+00  4.2057E+00
    14  4.1352E+00  4.4807E+00  4.7158E+00  4.8349E+00  4.8349E+00  4.7158E+00
    13  4.4807E+00  4.8550E+00  5.1098E+00  5.2388E+00  5.2388E+00  5.1098E+00
    12  4.7158E+00  5.1098E+00  5.3780E+00  5.5138E+00  5.5138E+00  5.3780E+00
    11  4.8349E+00  5.2388E+00  5.5138E+00  5.6530E+00  5.6530E+00  5.5138E+00
    10  4.8349E+00  5.2388E+00  5.5138E+00  5.6530E+00  5.6530E+00  5.5138E+00
     9  4.7158E+00  5.1098E+00  5.3780E+00  5.5138E+00  5.5138E+00  5.3780E+00
     8  4.4807E+00  4.8550E+00  5.1098E+00  5.2388E+00  5.2388E+00  5.1098E+00
     7  4.1352E+00  4.4807E+00  4.7158E+00  4.8349E+00  4.8349E+00  4.7158E+00
     6  3.6878E+00  3.9960E+00  4.2057E+00  4.3119E+00  4.3119E+00  4.2057E+00
     5  3.1497E+00  3.4129E+00  3.5920E+00  3.6827E+00  3.6827E+00  3.5920E+00
     4  2.5340E+00  2.7458E+00  2.8899E+00  2.9628E+00  2.9628E+00  2.8899E+00
     3  1.8560E+00  2.0110E+00  2.1166E+00  2.1700E+00  2.1700E+00  2.1166E+00
     2  1.1322E+00  1.2268E+00  1.2912E+00  1.3238E+00  1.3238E+00  1.2912E+00
     1  3.8067E-01  4.1248E-01  4.3413E-01  4.4509E-01  4.4509E-01  4.3413E-01

     y    x   13      x   14      x   15      x   16      x   17      x   18
    20  4.1248E-01  3.8067E-01  3.3950E-01  2.8996E-01  2.3328E-01  1.7086E-01
    19  1.2268E+00  1.1322E+00  1.0097E+00  8.6237E-01  6.9380E-01  5.0815E-01
