 SNAP: SN (Discrete Ordinates) Application Proxy
 Version Number..  1.01 
 Version Date..  03-25-2013
 Ran on  3-25-2013 at time 13:49:48

********************************************************************************

          Input Echo - Values from input or default
********************************************************************************

  NML=invar
     npey=     2
     npez=     4
     ichunk=     4
     nthreads=     2
     nnested=   0
     ndimen=  3
     nx=     8
     ny=     8
     nz=     8
     lx=  8.0000E+00
     ly=  8.0000E+00
     lz=  8.0000E+00
     nmom=   4
     nang=   12
     ng=   10
     mat_opt=  0
     src_opt=  3
     scatp=  0
     epsi=  1.0000E-04
     iitm=   5
     oitm=  100
     timedep=  1
     tf=  5.0000E-01
     nsteps=    10
     it_det=  0
     fluxp=  0
     fixup=  1

********************************************************************************

          Calculation Run-time Parameters Echo
********************************************************************************

  Geometry
    ndimen = 3
    nx =     8
    ny =     8
    nz =     8
    lx =  8.0000E+00
    ly =  8.0000E+00
    lz =  8.0000E+00
    dx =  1.0000E+00
    dy =  1.0000E+00
    dz =  1.0000E+00

  Sn
    nmom = 4
    nang =   12
    noct = 8

    w =  1.0417E-02   ... uniform weights

          mu              eta               xi
     4.16666667E-02   9.58333333E-01   2.82597083E-01
     1.25000000E-01   8.75000000E-01   4.67707173E-01
     2.08333333E-01   7.91666667E-01   5.74335365E-01
     2.91666667E-01   7.08333333E-01   6.42802026E-01
     3.75000000E-01   6.25000000E-01   6.84653197E-01
     4.58333333E-01   5.41666667E-01   7.04647272E-01
     5.41666667E-01   4.58333333E-01   7.04647272E-01
     6.25000000E-01   3.75000000E-01   6.84653197E-01
     7.08333333E-01   2.91666667E-01   6.42802026E-01
     7.91666667E-01   2.08333333E-01   5.74335365E-01
     8.75000000E-01   1.25000000E-01   4.67707173E-01
     9.58333333E-01   4.16666667E-02   2.82597083E-01

  Material Map
    mat_opt = 0   -->   nmat = 1
    Base material (default for every cell) = 1

  Source Map
    src_opt = 3
    MMS-generated source

  Pseudo Cross Sections Data
    ng =  10

    Material 1
    Group         Total         Absorption      Scattering
       1       1.000000E+00    5.000000E-01    5.000000E-01
       2       1.010000E+00    5.050000E-01    5.050000E-01
       3       1.020000E+00    5.100000E-01    5.100000E-01
       4       1.030000E+00    5.150000E-01    5.150000E-01
       5       1.040000E+00    5.200000E-01    5.200000E-01
       6       1.050000E+00    5.250000E-01    5.250000E-01
       7       1.060000E+00    5.300000E-01    5.300000E-01
       8       1.070000E+00    5.350000E-01    5.350000E-01
       9       1.080000E+00    5.400000E-01    5.400000E-01
      10       1.090000E+00    5.450000E-01    5.450000E-01

  Time-Dependent Calculation Data
    tf =  5.0000E-01
    nsteps =   10
    dt =  5.0000E-02

    Group        Speed
       1       1.0000E+01
       2       9.0000E+00
       3       8.0000E+00
       4       7.0000E+00
       5       6.0000E+00
       6       5.0000E+00
       7       4.0000E+00
       8       3.0000E+00
       9       2.0000E+00
      10       1.0000E+00

  Solution Control Parameters
    epsi =  1.0000E-04
    iitm =   5
    oitm =  100
    timedep = 1
    it_det = 0
    fluxp = 0
    fixup = 1


  Parallelization Parameters
    npey =     2
    npez =     4
    nthreads =    2

          Thread Support Level
           0 - MPI_THREAD_SINGLE
           1 - MPI_THREAD_FUNNELED
           2 - MPI_THREAD_SERIALIZED
           3 - MPI_THREAD_MULTIPLE
    thread_level =  0

    .FALSE. nested threading
      nnested =    0

********************************************************************************

          Iteration Monitor
********************************************************************************

 ******************************
  Time Cycle   1
  Outer
    1    Dfmxo= 2.2725E-01    No. Inners=   37
    2    Dfmxo= 1.6023E-01    No. Inners=   31
    3    Dfmxo= 3.7530E-03    No. Inners=   21

  Cycle=   1    Time= 2.5000E-02    No. Outers=   3    No. Inners=   89

 ******************************
  Time Cycle   2
  Outer
    1    Dfmxo= 6.8175E-01    No. Inners=   37
    2    Dfmxo= 1.5959E-01    No. Inners=   31
    3    Dfmxo= 3.7361E-03    No. Inners=   21

  Cycle=   2    Time= 7.5000E-02    No. Outers=   3    No. Inners=   89

 ******************************
  Time Cycle   3
  Outer
    1    Dfmxo= 1.1362E+00    No. Inners=   37
    2    Dfmxo= 1.5867E-01    No. Inners=   31
    3    Dfmxo= 3.7196E-03    No. Inners=   21

  Cycle=   3    Time= 1.2500E-01    No. Outers=   3    No. Inners=   89

 ******************************
  Time Cycle   4
  Outer
    1    Dfmxo= 1.5907E+00    No. Inners=   37
    2    Dfmxo= 1.5775E-01    No. Inners=   31
    3    Dfmxo= 3.7094E-03    No. Inners=   21

  Cycle=   4    Time= 1.7500E-01    No. Outers=   3    No. Inners=   89

 ******************************
  Time Cycle   5
  Outer
    1    Dfmxo= 2.0451E+00    No. Inners=   37
    2    Dfmxo= 1.5692E-01    No. Inners=   31
    3    Dfmxo= 3.7041E-03    No. Inners=   21

  Cycle=   5    Time= 2.2500E-01    No. Outers=   3    No. Inners=   89

 ******************************
  Time Cycle   6
  Outer
    1    Dfmxo= 2.4996E+00    No. Inners=   37
    2    Dfmxo= 1.5617E-01    No. Inners=   31
    3    Dfmxo= 3.7007E-03    No. Inners=   21

  Cycle=   6    Time= 2.7500E-01    No. Outers=   3    No. Inners=   89

 ******************************
  Time Cycle   7
  Outer
    1    Dfmxo= 2.9539E+00    No. Inners=   37
    2    Dfmxo= 1.5553E-01    No. Inners=   31
    3    Dfmxo= 3.6979E-03    No. Inners=   21

  Cycle=   7    Time= 3.2500E-01    No. Outers=   3    No. Inners=   89

 ******************************
  Time Cycle   8
  Outer
    1    Dfmxo= 3.4083E+00    No. Inners=   37
    2    Dfmxo= 1.5507E-01    No. Inners=   31
    3    Dfmxo= 3.6959E-03    No. Inners=   21

  Cycle=   8    Time= 3.7500E-01    No. Outers=   3    No. Inners=   89

 ******************************
  Time Cycle   9
  Outer
    1    Dfmxo= 3.8626E+00    No. Inners=   37
    2    Dfmxo= 1.5475E-01    No. Inners=   31
    3    Dfmxo= 3.6943E-03    No. Inners=   21

  Cycle=   9    Time= 4.2500E-01    No. Outers=   3    No. Inners=   89

 ******************************
  Time Cycle  10
  Outer
    1    Dfmxo= 4.3169E+00    No. Inners=   37
    2    Dfmxo= 1.5453E-01    No. Inners=   31
    3    Dfmxo= 3.6931E-03    No. Inners=   21

  Cycle=  10    Time= 4.7500E-01    No. Outers=   3    No. Inners=   89

 ******************************
  Total inners for all time steps, outers =    890

********************************************************************************

          Calculation Final Scalar Flux Solution
********************************************************************************

 ***********************************
  Group=   1   Z Mid-Plane=    5
 ***********************************

     y    x    1      x    2      x    3      x    4      x    5      x    6
     8  1.7463E-02  4.9563E-02  7.4171E-02  8.7492E-02  8.7492E-02  7.4171E-02
     7  4.9570E-02  1.4078E-01  2.1069E-01  2.4852E-01  2.4852E-01  2.1069E-01
     6  7.4183E-02  2.1069E-01  3.1530E-01  3.7192E-01  3.7192E-01  3.1530E-01
     5  8.7505E-02  2.4852E-01  3.7192E-01  4.3871E-01  4.3871E-01  3.7192E-01
     4  8.7505E-02  2.4852E-01  3.7192E-01  4.3871E-01  4.3871E-01  3.7192E-01
     3  7.4183E-02  2.1069E-01  3.1530E-01  3.7192E-01  3.7192E-01  3.1530E-01
     2  4.9570E-02  1.4078E-01  2.1069E-01  2.4852E-01  2.4852E-01  2.1069E-01
     1  1.7463E-02  4.9563E-02  7.4171E-02  8.7492E-02  8.7492E-02  7.4171E-02

     y    x    7      x    8
     8  4.9563E-02  1.7463E-02
     7  1.4078E-01  4.9570E-02
     6  2.1069E-01  7.4183E-02
     5  2.4852E-01  8.7505E-02
     4  2.4852E-01  8.7505E-02
     3  2.1069E-01  7.4183E-02
     2  1.4078E-01  4.9570E-02
     1  4.9563E-02  1.7463E-02

********************************************************************************


 ***********************************
  Group=   2   Z Mid-Plane=    5
 ***********************************

     y    x    1      x    2      x    3      x    4      x    5      x    6
     8  3.4916E-02  9.9146E-02  1.4838E-01  1.7503E-01  1.7503E-01  1.4838E-01
     7  9.9152E-02  2.8170E-01  4.2160E-01  4.9731E-01  4.9731E-01  4.2160E-01
     6  1.4839E-01  4.2160E-01  6.3096E-01  7.4427E-01  7.4427E-01  6.3096E-01
     5  1.7504E-01  4.9731E-01  7.4427E-01  8.7792E-01  8.7792E-01  7.4427E-01
     4  1.7504E-01  4.9731E-01  7.4427E-01  8.7792E-01  8.7792E-01  7.4427E-01
     3  1.4839E-01  4.2160E-01  6.3096E-01  7.4427E-01  7.4427E-01  6.3096E-01
     2  9.9152E-02  2.8170E-01  4.2160E-01  4.9731E-01  4.9731E-01  4.2160E-01
     1  3.4916E-02  9.9146E-02  1.4838E-01  1.7503E-01  1.7503E-01  1.4838E-01

     y    x    7      x    8
     8  9.9146E-02  3.4916E-02
     7  2.8170E-01  9.9152E-02
     6  4.2160E-01  1.4839E-01
     5  4.9731E-01  1.7504E-01
     4  4.9731E-01  1.7504E-01
     3  4.2160E-01  1.4839E-01
     2  2.8170E-01  9.9152E-02
     1  9.9146E-02  3.4916E-02

********************************************************************************


 ***********************************
  Group=   3   Z Mid-Plane=    5
 ***********************************

     y    x    1      x    2      x    3      x    4      x    5      x    6
     8  5.2364E-02  1.4872E-01  2.2258E-01  2.6256E-01  2.6256E-01  2.2258E-01
     7  1.4873E-01  4.2262E-01  6.3250E-01  7.4608E-01  7.4608E-01  6.3250E-01
     6  2.2259E-01  6.3250E-01  9.4662E-01  1.1166E+00  1.1166E+00  9.4662E-01
     5  2.6256E-01  7.4609E-01  1.1166E+00  1.3171E+00  1.3171E+00  1.1166E+00
     4  2.6256E-01  7.4609E-01  1.1166E+00  1.3171E+00  1.3171E+00  1.1166E+00
     3  2.2259E-01  6.3250E-01  9.4662E-01  1.1166E+00  1.1166E+00  9.4662E-01
     2  1.4873E-01  4.2262E-01  6.3250E-01  7.4608E-01  7.4608E-01  6.3250E-01
     1  5.2364E-02  1.4872E-01  2.2258E-01  2.6256E-01  2.6256E-01  2.2258E-01

     y    x    7      x    8
     8  1.4872E-01  5.2364E-02
     7  4.2262E-01  1.4873E-01
     6  6.3250E-01  2.2259E-01
     5  7.4609E-01  2.6256E-01
     4  7.4609E-01  2.6256E-01
     3  6.3250E-01  2.2259E-01
     2  4.2262E-01  1.4873E-01
     1  1.4872E-01  5.2364E-02

********************************************************************************


 ***********************************
  Group=   4   Z Mid-Plane=    5
 ***********************************

     y    x    1      x    2      x    3      x    4      x    5      x    6
     8  6.9804E-02  1.9829E-01  2.9678E-01  3.5007E-01  3.5007E-01  2.9678E-01
     7  1.9830E-01  5.6354E-01  8.4343E-01  9.9489E-01  9.9489E-01  8.4343E-01
     6  2.9679E-01  8.4343E-01  1.2623E+00  1.4890E+00  1.4890E+00  1.2623E+00
     5  3.5008E-01  9.9489E-01  1.4890E+00  1.7564E+00  1.7564E+00  1.4890E+00
     4  3.5008E-01  9.9489E-01  1.4890E+00  1.7564E+00  1.7564E+00  1.4890E+00
     3  2.9679E-01  8.4343E-01  1.2623E+00  1.4890E+00  1.4890E+00  1.2623E+00
     2  1.9830E-01  5.6354E-01  8.4343E-01  9.9489E-01  9.9489E-01  8.4343E-01
     1  6.9804E-02  1.9829E-01  2.9678E-01  3.5007E-01  3.5007E-01  2.9678E-01

     y    x    7      x    8
     8  1.9829E-01  6.9804E-02
     7  5.6354E-01  1.9830E-01
     6  8.4343E-01  2.9679E-01
     5  9.9489E-01  3.5008E-01
     4  9.9489E-01  3.5008E-01
     3  8.4343E-01  2.9679E-01
     2  5.6354E-01  1.9830E-01
     1  1.9829E-01  6.9804E-02

********************************************************************************


 ***********************************
  Group=   5   Z Mid-Plane=    5
 ***********************************

     y    x    1      x    2      x    3      x    4      x    5      x    6
     8  8.7234E-02  2.4785E-01  3.7096E-01  4.3758E-01  4.3758E-01  3.7096E-01
     7  2.4786E-01  7.0448E-01  1.0544E+00  1.2437E+00  1.2437E+00  1.0544E+00
     6  3.7097E-01  1.0544E+00  1.5781E+00  1.8615E+00  1.8615E+00  1.5781E+00
     5  4.3759E-01  1.2437E+00  1.8615E+00  2.1958E+00  2.1958E+00  1.8615E+00
     4  4.3759E-01  1.2437E+00  1.8615E+00  2.1958E+00  2.1958E+00  1.8615E+00
     3  3.7097E-01  1.0544E+00  1.5781E+00  1.8615E+00  1.8615E+00  1.5781E+00
     2  2.4786E-01  7.0448E-01  1.0544E+00  1.2437E+00  1.2437E+00  1.0544E+00
     1  8.7234E-02  2.4785E-01  3.7096E-01  4.3758E-01  4.3758E-01  3.7096E-01

     y    x    7      x    8
     8  2.4785E-01  8.7234E-02
     7  7.0448E-01  2.4786E-01
     6  1.0544E+00  3.7097E-01
     5  1.2437E+00  4.3759E-01
     4  1.2437E+00  4.3759E-01
     3  1.0544E+00  3.7097E-01
     2  7.0448E-01  2.4786E-01
     1  2.4785E-01  8.7234E-02

********************************************************************************


 ***********************************
  Group=   6   Z Mid-Plane=    5
 ***********************************

     y    x    1      x    2      x    3      x    4      x    5      x    6
     8  1.0465E-01  2.9740E-01  4.4513E-01  5.2507E-01  5.2507E-01  4.4513E-01
     7  2.9741E-01  8.4544E-01  1.2654E+00  1.4926E+00  1.4926E+00  1.2654E+00
     6  4.4514E-01  1.2654E+00  1.8940E+00  2.2341E+00  2.2341E+00  1.8940E+00
     5  5.2508E-01  1.4926E+00  2.2341E+00  2.6353E+00  2.6353E+00  2.2341E+00
     4  5.2508E-01  1.4926E+00  2.2341E+00  2.6353E+00  2.6353E+00  2.2341E+00
     3  4.4514E-01  1.2654E+00  1.8940E+00  2.2341E+00  2.2341E+00  1.8940E+00
     2  2.9741E-01  8.4544E-01  1.2654E+00  1.4926E+00  1.4926E+00  1.2654E+00
     1  1.0465E-01  2.9740E-01  4.4513E-01  5.2507E-01  5.2507E-01  4.4513E-01

     y    x    7      x    8
     8  2.9740E-01  1.0465E-01
     7  8.4544E-01  2.9741E-01
     6  1.2654E+00  4.4514E-01
     5  1.4926E+00  5.2508E-01
     4  1.4926E+00  5.2508E-01
     3  1.2654E+00  4.4514E-01
     2  8.4544E-01  2.9741E-01
     1  2.9740E-01  1.0465E-01

********************************************************************************


 ***********************************
  Group=   7   Z Mid-Plane=    5
 ***********************************

     y    x    1      x    2      x    3      x    4      x    5      x    6
     8  1.2204E-01  3.4692E-01  5.1927E-01  6.1251E-01  6.1251E-01  5.1927E-01
     7  3.4693E-01  9.8644E-01  1.4765E+00  1.7416E+00  1.7416E+00  1.4765E+00
     6  5.1928E-01  1.4765E+00  2.2099E+00  2.6068E+00  2.6068E+00  2.2099E+00
     5  6.1253E-01  1.7416E+00  2.6068E+00  3.0749E+00  3.0749E+00  2.6068E+00
     4  6.1253E-01  1.7416E+00  2.6068E+00  3.0749E+00  3.0749E+00  2.6068E+00
     3  5.1928E-01  1.4765E+00  2.2099E+00  2.6068E+00  2.6068E+00  2.2099E+00
     2  3.4693E-01  9.8644E-01  1.4765E+00  1.7416E+00  1.7416E+00  1.4765E+00
     1  1.2204E-01  3.4692E-01  5.1927E-01  6.1251E-01  6.1251E-01  5.1927E-01

     y    x    7      x    8
     8  3.4692E-01  1.2204E-01
     7  9.8644E-01  3.4693E-01
     6  1.4765E+00  5.1928E-01
     5  1.7416E+00  6.1253E-01
     4  1.7416E+00  6.1253E-01
     3  1.4765E+00  5.1928E-01
     2  9.8644E-01  3.4693E-01
     1  3.4692E-01  1.2204E-01

********************************************************************************


 ***********************************
  Group=   8   Z Mid-Plane=    5
 ***********************************

     y    x    1      x    2      x    3      x    4      x    5      x    6
     8  1.3939E-01  3.9641E-01  5.9336E-01  6.9990E-01  6.9990E-01  5.9336E-01
     7  3.9642E-01  1.1275E+00  1.6877E+00  1.9907E+00  1.9907E+00  1.6877E+00
     6  5.9338E-01  1.6876E+00  2.5261E+00  2.9797E+00  2.9797E+00  2.5261E+00
     5  6.9992E-01  1.9907E+00  2.9797E+00  3.5147E+00  3.5147E+00  2.9797E+00
     4  6.9992E-01  1.9907E+00  2.9797E+00  3.5147E+00  3.5147E+00  2.9797E+00
     3  5.9338E-01  1.6876E+00  2.5261E+00  2.9797E+00  2.9797E+00  2.5261E+00
     2  3.9642E-01  1.1275E+00  1.6877E+00  1.9907E+00  1.9907E+00  1.6877E+00
     1  1.3939E-01  3.9641E-01  5.9336E-01  6.9990E-01  6.9990E-01  5.9336E-01

     y    x    7      x    8
     8  3.9641E-01  1.3939E-01
     7  1.1275E+00  3.9642E-01
     6  1.6876E+00  5.9338E-01
     5  1.9907E+00  6.9992E-01
     4  1.9907E+00  6.9992E-01
     3  1.6876E+00  5.9338E-01
     2  1.1275E+00  3.9642E-01
     1  3.9641E-01  1.3939E-01

********************************************************************************


 ***********************************
  Group=   9   Z Mid-Plane=    5
 ***********************************

     y    x    1      x    2      x    3      x    4      x    5      x    6
     8  1.5671E-01  4.4587E-01  6.6739E-01  7.8722E-01  7.8722E-01  6.6739E-01
     7  4.4588E-01  1.2687E+00  1.8990E+00  2.2399E+00  2.2399E+00  1.8990E+00
     6  6.6741E-01  1.8989E+00  2.8424E+00  3.3527E+00  3.3527E+00  2.8424E+00
     5  7.8723E-01  2.2399E+00  3.3527E+00  3.9546E+00  3.9546E+00  3.3527E+00
     4  7.8723E-01  2.2399E+00  3.3527E+00  3.9546E+00  3.9546E+00  3.3527E+00
     3  6.6741E-01  1.8989E+00  2.8424E+00  3.3527E+00  3.3527E+00  2.8424E+00
     2  4.4588E-01  1.2687E+00  1.8990E+00  2.2399E+00  2.2399E+00  1.8990E+00
     1  1.5671E-01  4.4587E-01  6.6739E-01  7.8722E-01  7.8722E-01  6.6739E-01

     y    x    7      x    8
     8  4.4587E-01  1.5671E-01
     7  1.2687E+00  4.4588E-01
     6  1.8989E+00  6.6741E-01
     5  2.2399E+00  7.8723E-01
     4  2.2399E+00  7.8723E-01
     3  1.8989E+00  6.6741E-01
     2  1.2687E+00  4.4588E-01
     1  4.4587E-01  1.5671E-01

********************************************************************************


 ***********************************
  Group=  10   Z Mid-Plane=    5
 ***********************************

     y    x    1      x    2      x    3      x    4      x    5      x    6
     8  1.7400E-01  4.9531E-01  7.4135E-01  8.7446E-01  8.7446E-01  7.4135E-01
     7  4.9532E-01  1.4100E+00  2.1104E+00  2.4893E+00  2.4893E+00  2.1104E+00
     6  7.4136E-01  2.1104E+00  3.1587E+00  3.7258E+00  3.7258E+00  3.1587E+00
     5  8.7447E-01  2.4893E+00  3.7258E+00  4.3948E+00  4.3948E+00  3.7258E+00
     4  8.7447E-01  2.4893E+00  3.7258E+00  4.3948E+00  4.3948E+00  3.7258E+00
     3  7.4136E-01  2.1104E+00  3.1587E+00  3.7258E+00  3.7258E+00  3.1587E+00
     2  4.9532E-01  1.4100E+00  2.1104E+00  2.4893E+00  2.4893E+00  2.1104E+00
     1  1.7400E-01  4.9531E-01  7.4135E-01  8.7446E-01  8.7446E-01  7.4135E-01

     y    x    7      x    8
     8  4.9531E-01  1.7400E-01
     7  1.4100E+00  4.9532E-01
     6  2.1104E+00  7.4136E-01
     5  2.4893E+00  8.7447E-01
     4  2.4893E+00  8.7447E-01
     3  2.1104E+00  7.4136E-01
     2  1.4100E+00  4.9532E-01
     1  4.9531E-01  1.7400E-01

********************************************************************************

          MMS Verification
********************************************************************************

    Manufactured/Computed Solutions Max Diff= 1.069911E-02

    Manufactured/Computed Solutions Min Diff= 7.631073E-08

********************************************************************************

          Timing Summary
********************************************************************************

  Code Section                          Time (seconds)
 **************                        ****************
    Parallel Setup                       1.1570E-03
    Input                                4.3321E-04
    Setup                                1.1750E-02
    Solve                                2.7564E-01
       Parameter Setup                   2.9216E-03
       Outer Source                      3.2322E-03
       Inner Iterations                  2.6823E-01
          Inner Source                   1.2279E-03
          Transport Sweeps               2.3853E-01
          Inner Misc Ops                 2.8470E-02
       Solution Misc Ops                 1.2603E-03
    Output                               2.4619E-03
  Total Execution time                   3.0401E-01

  Grind Time (nanoseconds)         6.3011E+00

********************************************************************************
