 SNAP: SN (Discrete Ordinates) Application Proxy
 Version Number..  1.05 
 Version Date..  02-19-2015
 Ran on  2-19-2015 at time 13:51: 2

********************************************************************************

          keyword Input Echo - Values from input or 

default
********************************************************************************

  NML=invar
     npey=     4
     npez=     2
     ichunk=    10
     nthreads=     2
     nnested=   1
     ndimen=  3
     nx=    20
     ny=    20
     nz=    10
     lx=  2.0000E+01
     ly=  2.0000E+01
     lz=  1.0000E+01
     nmom=   4
     nang=   80
     ng=   30
     mat_opt=  1
     src_opt=  3
     scatp=  0
     epsi=  1.0000E-04
     iitm=   5
     oitm=  100
     timedep=  1
     tf=  1.0000E-01
     nsteps=    10
     swp_typ=  0
     it_det=  0
     soloutp=  1
     kplane=    0
     popout=  0
     fluxp=  0
     fixup=  1

********************************************************************************

          keyword Calculation Run-time Parameters Echo
********************************************************************************

  Geometry
    ndimen = 3
    nx =    20
    ny =    20
    nz =    10
    lx =  2.0000E+01
    ly =  2.0000E+01
    lz =  1.0000E+01
    dx =  1.0000E+00
    dy =  1.0000E+00
    dz =  1.0000E+00

  Sn
    nmom = 4
    nang =   80
    noct = 8

    w =  1.5625E-03   ... uniform weights

          mu              eta               xi
     6.25000000E-03   9.93750000E-01   1.11453466E-01
     1.87500000E-02   9.81250000E-01   1.91825116E-01
     3.12500000E-02   9.68750000E-01   2.46062746E-01
     4.37500000E-02   9.56250000E-01   2.89260912E-01
     5.62500000E-02   9.43750000E-01   3.25840260E-01
     6.87500000E-02   9.31250000E-01   3.57836380E-01
     8.12500000E-02   9.18750000E-01   3.86389538E-01
     9.37500000E-02   9.06250000E-01   4.12215811E-01
     1.06250000E-01   8.93750000E-01   4.35800270E-01
     1.18750000E-01   8.81250000E-01   4.57489754E-01
     1.31250000E-01   8.68750000E-01   4.77542537E-01
     1.43750000E-01   8.56250000E-01   4.96157107E-01
     1.56250000E-01   8.43750000E-01   5.13489898E-01
     1.68750000E-01   8.31250000E-01   5.29666758E-01
     1.81250000E-01   8.18750000E-01   5.44790671E-01
     1.93750000E-01   8.06250000E-01   5.58947113E-01
     2.06250000E-01   7.93750000E-01   5.72207895E-01
     2.18750000E-01   7.81250000E-01   5.84633967E-01
     2.31250000E-01   7.68750000E-01   5.96277515E-01
     2.43750000E-01   7.56250000E-01   6.07183560E-01
     2.56250000E-01   7.43750000E-01   6.17391185E-01
     2.68750000E-01   7.31250000E-01   6.26934506E-01
     2.81250000E-01   7.18750000E-01   6.35843436E-01
     2.93750000E-01   7.06250000E-01   6.44144297E-01
     3.06250000E-01   6.93750000E-01   6.51860319E-01
     3.18750000E-01   6.81250000E-01   6.59012045E-01
     3.31250000E-01   6.68750000E-01   6.65617664E-01
     3.43750000E-01   6.56250000E-01   6.71693289E-01
     3.56250000E-01   6.43750000E-01   6.77253184E-01
     3.68750000E-01   6.31250000E-01   6.82309955E-01
     3.81250000E-01   6.18750000E-01   6.86874716E-01
     3.93750000E-01   6.06250000E-01   6.90957216E-01
     4.06250000E-01   5.93750000E-01   6.94565962E-01
     4.18750000E-01   5.81250000E-01   6.97708302E-01
     4.31250000E-01   5.68750000E-01   7.00390516E-01
     4.43750000E-01   5.56250000E-01   7.02617873E-01
     4.56250000E-01   5.43750000E-01   7.04394687E-01
     4.68750000E-01   5.31250000E-01   7.05724362E-01
     4.81250000E-01   5.18750000E-01   7.06609422E-01
     4.93750000E-01   5.06250000E-01   7.07051536E-01
     5.06250000E-01   4.93750000E-01   7.07051536E-01
     5.18750000E-01   4.81250000E-01   7.06609422E-01
     5.31250000E-01   4.68750000E-01   7.05724362E-01
     5.43750000E-01   4.56250000E-01   7.04394687E-01
     5.56250000E-01   4.43750000E-01   7.02617873E-01
     5.68750000E-01   4.31250000E-01   7.00390516E-01
     5.81250000E-01   4.18750000E-01   6.97708302E-01
     5.93750000E-01   4.06250000E-01   6.94565962E-01
     6.06250000E-01   3.93750000E-01   6.90957216E-01
     6.18750000E-01   3.81250000E-01   6.86874716E-01
     6.31250000E-01   3.68750000E-01   6.82309955E-01
     6.43750000E-01   3.56250000E-01   6.77253184E-01
     6.56250000E-01   3.43750000E-01   6.71693289E-01
     6.68750000E-01   3.31250000E-01   6.65617664E-01
     6.81250000E-01   3.18750000E-01   6.59012045E-01
     6.93750000E-01   3.06250000E-01   6.51860319E-01
     7.06250000E-01   2.93750000E-01   6.44144297E-01
     7.18750000E-01   2.81250000E-01   6.35843436E-01
     7.31250000E-01   2.68750000E-01   6.26934506E-01
     7.43750000E-01   2.56250000E-01   6.17391185E-01
     7.56250000E-01   2.43750000E-01   6.07183560E-01
     7.68750000E-01   2.31250000E-01   5.96277515E-01
     7.81250000E-01   2.18750000E-01   5.84633967E-01
     7.93750000E-01   2.06250000E-01   5.72207895E-01
     8.06250000E-01   1.93750000E-01   5.58947113E-01
     8.18750000E-01   1.81250000E-01   5.44790671E-01
     8.31250000E-01   1.68750000E-01   5.29666758E-01
     8.43750000E-01   1.56250000E-01   5.13489898E-01
     8.56250000E-01   1.43750000E-01   4.96157107E-01
     8.68750000E-01   1.31250000E-01   4.77542537E-01
     8.81250000E-01   1.18750000E-01   4.57489754E-01
     8.93750000E-01   1.06250000E-01   4.35800270E-01
     9.06250000E-01   9.37500000E-02   4.12215811E-01
     9.18750000E-01   8.12500000E-02   3.86389538E-01
     9.31250000E-01   6.87500000E-02   3.57836380E-01
     9.43750000E-01   5.62500000E-02   3.25840260E-01
     9.56250000E-01   4.37500000E-02   2.89260912E-01
     9.68750000E-01   3.12500000E-02   2.46062746E-01
     9.81250000E-01   1.87500000E-02   1.91825116E-01
     9.93750000E-01   6.25000000E-03   1.11453466E-01

  Material Map
    mat_opt = 1   -->   nmat = 2
    Base material (default for every cell) = 1
    Material 2 present:
        Starting cell: (     6,     6,     3 )
        Ending cell:   (    15,    15,     7 )

  Source Map
    src_opt = 3
    MMS-generated source

  Pseudo Cross Sections Data
    ng =  30

    Material 1
    Group         Total         Absorption      Scattering
       1       1.000000E+00    5.000000E-01    5.000000E-01
       2       1.010000E+00    5.050000E-01    5.050000E-01
       3       1.020000E+00    5.100000E-01    5.100000E-01
       4       1.030000E+00    5.150000E-01    5.150000E-01
       5       1.040000E+00    5.200000E-01    5.200000E-01
       6       1.050000E+00    5.250000E-01    5.250000E-01
       7       1.060000E+00    5.300000E-01    5.300000E-01
       8       1.070000E+00    5.350000E-01    5.350000E-01
       9       1.080000E+00    5.400000E-01    5.400000E-01
      10       1.090000E+00    5.450000E-01    5.450000E-01
      11       1.100000E+00    5.500000E-01    5.500000E-01
      12       1.110000E+00    5.550000E-01    5.550000E-01
      13       1.120000E+00    5.600000E-01    5.600000E-01
      14       1.130000E+00    5.650000E-01    5.650000E-01
      15       1.140000E+00    5.700000E-01    5.700000E-01
      16       1.150000E+00    5.750000E-01    5.750000E-01
      17       1.160000E+00    5.800000E-01    5.800000E-01
      18       1.170000E+00    5.850000E-01    5.850000E-01
      19       1.180000E+00    5.900000E-01    5.900000E-01
      20       1.190000E+00    5.950000E-01    5.950000E-01
      21       1.200000E+00    6.000000E-01    6.000000E-01
      22       1.210000E+00    6.050000E-01    6.050000E-01
      23       1.220000E+00    6.100000E-01    6.100000E-01
      24       1.230000E+00    6.150000E-01    6.150000E-01
      25       1.240000E+00    6.200000E-01    6.200000E-01
      26       1.250000E+00    6.250000E-01    6.250000E-01
      27       1.260000E+00    6.300000E-01    6.300000E-01
      28       1.270000E+00    6.350000E-01    6.350000E-01
      29       1.280000E+00    6.400000E-01    6.400000E-01
      30       1.290000E+00    6.450000E-01    6.450000E-01

    Material 2
    Group         Total         Absorption      Scattering
       1       2.000000E+00    8.000000E-01    1.200000E+00
       2       2.010000E+00    8.050000E-01    1.205000E+00
       3       2.020000E+00    8.100000E-01    1.210000E+00
       4       2.030000E+00    8.150000E-01    1.215000E+00
       5       2.040000E+00    8.200000E-01    1.220000E+00
       6       2.050000E+00    8.250000E-01    1.225000E+00
       7       2.060000E+00    8.300000E-01    1.230000E+00
       8       2.070000E+00    8.350000E-01    1.235000E+00
       9       2.080000E+00    8.400000E-01    1.240000E+00
      10       2.090000E+00    8.450000E-01    1.245000E+00
      11       2.100000E+00    8.500000E-01    1.250000E+00
      12       2.110000E+00    8.550000E-01    1.255000E+00
      13       2.120000E+00    8.600000E-01    1.260000E+00
      14       2.130000E+00    8.650000E-01    1.265000E+00
      15       2.140000E+00    8.700000E-01    1.270000E+00
      16       2.150000E+00    8.750000E-01    1.275000E+00
      17       2.160000E+00    8.800000E-01    1.280000E+00
      18       2.170000E+00    8.850000E-01    1.285000E+00
      19       2.180000E+00    8.900000E-01    1.290000E+00
      20       2.190000E+00    8.950000E-01    1.295000E+00
      21       2.200000E+00    9.000000E-01    1.300000E+00
      22       2.210000E+00    9.050000E-01    1.305000E+00
      23       2.220000E+00    9.100000E-01    1.310000E+00
      24       2.230000E+00    9.150000E-01    1.315000E+00
      25       2.240000E+00    9.200000E-01    1.320000E+00
      26       2.250000E+00    9.250000E-01    1.325000E+00
      27       2.260000E+00    9.300000E-01    1.330000E+00
      28       2.270000E+00    9.350000E-01    1.335000E+00
      29       2.280000E+00    9.400000E-01    1.340000E+00
      30       2.290000E+00    9.450000E-01    1.345000E+00

  Time-Dependent Calculation Data
    tf =  1.0000E-01
    nsteps =   10
    dt =  1.0000E-02

    Group        Speed
       1       3.0000E+01
       2       2.9000E+01
       3       2.8000E+01
       4       2.7000E+01
       5       2.6000E+01
       6       2.5000E+01
       7       2.4000E+01
       8       2.3000E+01
       9       2.2000E+01
      10       2.1000E+01
      11       2.0000E+01
      12       1.9000E+01
      13       1.8000E+01
      14       1.7000E+01
      15       1.6000E+01
      16       1.5000E+01
      17       1.4000E+01
      18       1.3000E+01
      19       1.2000E+01
      20       1.1000E+01
      21       1.0000E+01
      22       9.0000E+00
      23       8.0000E+00
      24       7.0000E+00
      25       6.0000E+00
      26       5.0000E+00
      27       4.0000E+00
      28       3.0000E+00
      29       2.0000E+00
      30       1.0000E+00

  Solution Control Parameters
    epsi =  1.0000E-04
    iitm =   5
    oitm =  100
    timedep = 1
    swp_typ = 0
    it_det = 0
    soloutp = 1
    kplane =    0
    popout = 0
    fluxp = 0
    fixup = 1


  Parallelization Parameters
    npey =     4
    npez =     2
    nthreads =    2

          Thread Support Level
           0 - MPI_THREAD_SINGLE
           1 - MPI_THREAD_FUNNELED
           2 - MPI_THREAD_SERIALIZED
           3 - MPI_THREAD_MULTIPLE
    thread_level =  0

    .FALSE. nested threading
      nnested =    1

    Parallel Computational Efficiency = 0.9449

********************************************************************************

          keyword Iteration Monitor
********************************************************************************

 ******************************
  Time Cycle   1
  Outer
    1    Dfmxo= 1.4518E-01    No. Inners=  131
    2    Dfmxo= 1.1958E+00    No. Inners=   99
    3    Dfmxo= 2.7391E-02    No. Inners=   68
    4    Dfmxo= 9.1081E-04    No. Inners=   34

  Cycle=   1    Time= 5.0000E-03    No. Outers=   4    No. Inners=  332

 ******************************
  Time Cycle   2
  Outer
    1    Dfmxo= 4.3555E-01    No. Inners=  131
    2    Dfmxo= 1.1959E+00    No. Inners=   99
    3    Dfmxo= 2.7392E-02    No. Inners=   68
    4    Dfmxo= 9.1082E-04    No. Inners=   34

  Cycle=   2    Time= 1.5000E-02    No. Outers=   4    No. Inners=  332

 ******************************
  Time Cycle   3
  Outer
    1    Dfmxo= 7.2592E-01    No. Inners=  131
    2    Dfmxo= 1.1959E+00    No. Inners=   99
    3    Dfmxo= 2.7392E-02    No. Inners=   68
    4    Dfmxo= 9.1084E-04    No. Inners=   34

  Cycle=   3    Time= 2.5000E-02    No. Outers=   4    No. Inners=  332

 ******************************
  Time Cycle   4
  Outer
    1    Dfmxo= 1.0163E+00    No. Inners=  131
    2    Dfmxo= 1.2040E+00    No. Inners=   99
    3    Dfmxo= 2.7393E-02    No. Inners=   68
    4    Dfmxo= 9.1095E-04    No. Inners=   34

  Cycle=   4    Time= 3.5000E-02    No. Outers=   4    No. Inners=  332

 ******************************
  Time Cycle   5
  Outer
    1    Dfmxo= 1.3067E+00    No. Inners=  131
    2    Dfmxo= 1.2517E+00    No. Inners=   99
    3    Dfmxo= 2.7393E-02    No. Inners=   68
    4    Dfmxo= 9.1158E-04    No. Inners=   34

  Cycle=   5    Time= 4.5000E-02    No. Outers=   4    No. Inners=  332

 ******************************
  Time Cycle   6
  Outer
    1    Dfmxo= 1.5970E+00    No. Inners=  131
    2    Dfmxo= 1.3259E+00    No. Inners=   99
    3    Dfmxo= 2.7393E-02    No. Inners=   68
    4    Dfmxo= 9.1261E-04    No. Inners=   34

  Cycle=   6    Time= 5.5000E-02    No. Outers=   4    No. Inners=  332

 ******************************
  Time Cycle   7
  Outer
    1    Dfmxo= 1.8874E+00    No. Inners=  131
    2    Dfmxo= 1.3999E+00    No. Inners=   99
    3    Dfmxo= 2.7393E-02    No. Inners=   68
    4    Dfmxo= 9.1368E-04    No. Inners=   34

  Cycle=   7    Time= 6.5000E-02    No. Outers=   4    No. Inners=  332

 ******************************
  Time Cycle   8
  Outer
    1    Dfmxo= 2.1778E+00    No. Inners=  131
    2    Dfmxo= 1.4699E+00    No. Inners=   99
    3    Dfmxo= 2.7392E-02    No. Inners=   68
    4    Dfmxo= 9.1471E-04    No. Inners=   34

  Cycle=   8    Time= 7.5000E-02    No. Outers=   4    No. Inners=  332

 ******************************
  Time Cycle   9
  Outer
    1    Dfmxo= 2.4681E+00    No. Inners=  131
    2    Dfmxo= 1.5303E+00    No. Inners=   99
    3    Dfmxo= 2.7392E-02    No. Inners=   68
    4    Dfmxo= 9.1561E-04    No. Inners=   34

  Cycle=   9    Time= 8.5000E-02    No. Outers=   4    No. Inners=  332

 ******************************
  Time Cycle  10
  Outer
    1    Dfmxo= 2.7585E+00    No. Inners=  131
    2    Dfmxo= 1.5906E+00    No. Inners=   99
    3    Dfmxo= 2.7392E-02    No. Inners=   68
    4    Dfmxo= 9.1648E-04    No. Inners=   34

  Cycle=  10    Time= 9.5000E-02    No. Outers=   4    No. Inners=  332

 ******************************
  Total inners for all time steps, outers =   3320

********************************************************************************

          keyword Scalar Flux Solution
********************************************************************************

 ***********************************
  Group=   1   Z Mid-Plane=    6
 ***********************************

     y    x    1      x    2      x    3      x    4      x    5      x    6
    20  5.7441E-04  1.7083E-03  2.8004E-03  3.8235E-03  4.7525E-03  5.5645E-03
    19  1.7083E-03  5.0809E-03  8.3290E-03  1.1372E-02  1.4135E-02  1.6550E-02
    18  2.8004E-03  8.3290E-03  1.3654E-02  1.8642E-02  2.3172E-02  2.7130E-02
    17  3.8236E-03  1.1372E-02  1.8642E-02  2.5453E-02  3.1638E-02  3.7043E-02
    16  4.7526E-03  1.4135E-02  2.3172E-02  3.1638E-02  3.9324E-02  4.6042E-02
    15  5.5645E-03  1.6550E-02  2.7130E-02  3.7043E-02  4.6042E-02  5.3905E-02
    14  6.2395E-03  1.8558E-02  3.0421E-02  4.1536E-02  5.1627E-02  6.0443E-02
    13  6.7608E-03  2.0108E-02  3.2963E-02  4.5006E-02  5.5940E-02  6.5493E-02
    12  7.1156E-03  2.1163E-02  3.4693E-02  4.7369E-02  5.8876E-02  6.8930E-02
    11  7.2953E-03  2.1698E-02  3.5569E-02  4.8564E-02  6.0362E-02  7.0670E-02
    10  7.2953E-03  2.1698E-02  3.5569E-02  4.8564E-02  6.0362E-02  7.0670E-02
     9  7.1156E-03  2.1163E-02  3.4693E-02  4.7369E-02  5.8876E-02  6.8930E-02
     8  6.7608E-03  2.0108E-02  3.2963E-02  4.5006E-02  5.5940E-02  6.5493E-02
     7  6.2395E-03  1.8558E-02  3.0421E-02  4.1536E-02  5.1627E-02  6.0443E-02
     6  5.5645E-03  1.6550E-02  2.7130E-02  3.7043E-02  4.6042E-02  5.3905E-02
     5  4.7526E-03  1.4135E-02  2.3172E-02  3.1638E-02  3.9324E-02  4.6042E-02
     4  3.8236E-03  1.1372E-02  1.8642E-02  2.5453E-02  3.1638E-02  3.7043E-02
     3  2.8004E-03  8.3290E-03  1.3654E-02  1.8642E-02  2.3172E-02  2.7130E-02
     2  1.7083E-03  5.0809E-03  8.3290E-03  1.1372E-02  1.4135E-02  1.6550E-02
     1  5.7441E-04  1.7083E-03  2.8004E-03  3.8235E-03  4.7525E-03  5.5645E-03

     y    x    7      x    8      x    9      x   10      x   11      x   12
    20  6.2394E-03  6.7607E-03  7.1156E-03  7.2952E-03  7.2952E-03  7.1156E-03
    19  1.8558E-02  2.0108E-02  2.1163E-02  2.1698E-02  2.1698E-02  2.1163E-02
    18  3.0421E-02  3.2963E-02  3.4693E-02  3.5569E-02  3.5569E-02  3.4693E-02
    17  4.1536E-02  4.5007E-02  4.7369E-02  4.8565E-02  4.8565E-02  4.7369E-02
    16  5.1626E-02  5.5940E-02  5.8876E-02  6.0362E-02  6.0362E-02  5.8876E-02
    15  6.0442E-02  6.5492E-02  6.8930E-02  7.0670E-02  7.0670E-02  6.8930E-02
    14  6.7773E-02  7.3436E-02  7.7290E-02  7.9241E-02  7.9241E-02  7.7290E-02
    13  7.3436E-02  7.9572E-02  8.3748E-02  8.5862E-02  8.5862E-02  8.3748E-02
    12  7.7290E-02  8.3748E-02  8.8143E-02  9.0369E-02  9.0369E-02  8.8143E-02
    11  7.9241E-02  8.5862E-02  9.0369E-02  9.2650E-02  9.2650E-02  9.0369E-02
    10  7.9241E-02  8.5862E-02  9.0369E-02  9.2650E-02  9.2650E-02  9.0369E-02
     9  7.7290E-02  8.3748E-02  8.8143E-02  9.0369E-02  9.0369E-02  8.8143E-02
     8  7.3436E-02  7.9572E-02  8.3748E-02  8.5862E-02  8.5862E-02  8.3748E-02
     7  6.7773E-02  7.3436E-02  7.7290E-02  7.9241E-02  7.9241E-02  7.7290E-02
     6  6.0442E-02  6.5492E-02  6.8930E-02  7.0670E-02  7.0670E-02  6.8930E-02
     5  5.1626E-02  5.5940E-02  5.8876E-02  6.0362E-02  6.0362E-02  5.8876E-02
     4  4.1536E-02  4.5007E-02  4.7369E-02  4.8565E-02  4.8565E-02  4.7369E-02
     3  3.0421E-02  3.2963E-02  3.4693E-02  3.5569E-02  3.5569E-02  3.4693E-02
     2  1.8558E-02  2.0108E-02  2.1163E-02  2.1698E-02  2.1698E-02  2.1163E-02
     1  6.2394E-03  6.7607E-03  7.1156E-03  7.2952E-03  7.2952E-03  7.1156E-03

     y    x   13      x   14      x   15      x   16      x   17      x   18
    20  6.7607E-03  6.2394E-03  5.5645E-03  4.7525E-03  3.8235E-03  2.8004E-03
    19  2.0108E-02  1.8558E-02  1.6550E-02  1.4135E-02  1.1372E-02  8.3290E-03
    18  3.2963E-02  3.0421E-02  2.7130E-02  2.3172E-02  1.8642E-02  1.3654E-02
    17  4.5007E-02  4.1536E-02  3.7043E-02  3.1638E-02  2.5453E-02  1.8642E-02
    16  5.5940E-02  5.1626E-02  4.6042E-02  3.9324E-02  3.1638E-02  2.3172E-02
    15  6.5492E-02  6.0442E-02  5.3905E-02  4.6042E-02  3.7043E-02  2.7130E-02
    14  7.3436E-02  6.7773E-02  6.0443E-02  5.1627E-02  4.1536E-02  3.0421E-02
    13  7.9572E-02  7.3436E-02  6.5493E-02  5.5940E-02  4.5006E-02  3.2963E-02
    12  8.3748E-02  7.7290E-02  6.8930E-02  5.8876E-02  4.7369E-02  3.4693E-02
    11  8.5862E-02  7.9241E-02  7.0670E-02  6.0362E-02  4.8564E-02  3.5569E-02
    10  8.5862E-02  7.9241E-02  7.0670E-02  6.0362E-02  4.8564E-02  3.5569E-02
     9  8.3748E-02  7.7290E-02  6.8930E-02  5.8876E-02  4.7369E-02  3.4693E-02
     8  7.9572E-02  7.3436E-02  6.5493E-02  5.5940E-02  4.5006E-02  3.2963E-02
     7  7.3436E-02  6.7773E-02  6.0443E-02  5.1627E-02  4.1536E-02  3.0421E-02
     6  6.5492E-02  6.0442E-02  5.3905E-02  4.6042E-02  3.7043E-02  2.7130E-02
     5  5.5940E-02  5.1626E-02  4.6042E-02  3.9324E-02  3.1638E-02  2.3172E-02
     4  4.5007E-02  4.1536E-02  3.7043E-02  3.1638E-02  2.5453E-02  1.8642E-02
     3  3.2963E-02  3.0421E-02  2.7130E-02  2.3172E-02  1.8642E-02  1.3654E-02
     2  2.0108E-02  1.8558E-02  1.6550E-02  1.4135E-02  1.1372E-02  8.3290E-03
     1  6.7607E-03  6.2394E-03  5.5645E-03  4.7525E-03  3.8235E-03  2.8004E-03

     y    x   19      x   20
    20  1.7083E-03  5.7441E-04
    19  5.0809E-03  1.7083E-03
    18  8.3290E-03  2.8004E-03
    17  1.1372E-02  3.8236E-03
    16  1.4135E-02  4.7526E-03
    15  1.6550E-02  5.5645E-03
    14  1.8558E-02  6.2395E-03
    13  2.0108E-02  6.7608E-03
    12  2.1163E-02  7.1156E-03
    11  2.1698E-02  7.2953E-03
    10  2.1698E-02  7.2953E-03
     9  2.1163E-02  7.1156E-03
     8  2.0108E-02  6.7608E-03
     7  1.8558E-02  6.2395E-03
     6  1.6550E-02  5.5645E-03
     5  1.4135E-02  4.7526E-03
     4  1.1372E-02  3.8236E-03
     3  8.3290E-03  2.8004E-03
     2  5.0809E-03  1.7083E-03
     1  1.7083E-03  5.7441E-04

********************************************************************************


 ***********************************
  Group=   2   Z Mid-Plane=    6
 ***********************************

     y    x    1      x    2      x    3      x    4      x    5      x    6
    20  1.1487E-03  3.4165E-03  5.6007E-03  7.6470E-03  9.5050E-03  1.1129E-02
    19  3.4165E-03  1.0162E-02  1.6659E-02  2.2745E-02  2.8272E-02  3.3102E-02
    18  5.6008E-03  1.6659E-02  2.7309E-02  3.7286E-02  4.6346E-02  5.4264E-02
    17  7.6470E-03  2.2745E-02  3.7286E-02  5.0909E-02  6.3278E-02  7.4089E-02
    16  9.5050E-03  2.8272E-02  4.6346E-02  6.3278E-02  7.8653E-02  9.2090E-02
    15  1.1129E-02  3.3102E-02  5.4264E-02  7.4089E-02  9.2090E-02  1.0782E-01
    14  1.2479E-02  3.7117E-02  6.0846E-02  8.3076E-02  1.0326E-01  1.2090E-01
    13  1.3521E-02  4.0218E-02  6.5930E-02  9.0017E-02  1.1189E-01  1.3101E-01
    12  1.4231E-02  4.2329E-02  6.9390E-02  9.4742E-02  1.1776E-01  1.3788E-01
    11  1.4590E-02  4.3398E-02  7.1142E-02  9.7134E-02  1.2073E-01  1.4136E-01
    10  1.4590E-02  4.3398E-02  7.1142E-02  9.7134E-02  1.2073E-01  1.4136E-01
     9  1.4231E-02  4.2329E-02  6.9390E-02  9.4742E-02  1.1776E-01  1.3788E-01
     8  1.3521E-02  4.0218E-02  6.5930E-02  9.0017E-02  1.1189E-01  1.3101E-01
     7  1.2479E-02  3.7117E-02  6.0846E-02  8.3076E-02  1.0326E-01  1.2090E-01
     6  1.1129E-02  3.3102E-02  5.4264E-02  7.4089E-02  9.2090E-02  1.0782E-01
     5  9.5050E-03  2.8272E-02  4.6346E-02  6.3278E-02  7.8653E-02  9.2090E-02
     4  7.6470E-03  2.2745E-02  3.7286E-02  5.0909E-02  6.3278E-02  7.4089E-02
     3  5.6008E-03  1.6659E-02  2.7309E-02  3.7286E-02  4.6346E-02  5.4264E-02
     2  3.4165E-03  1.0162E-02  1.6659E-02  2.2745E-02  2.8272E-02  3.3102E-02
     1  1.1487E-03  3.4165E-03  5.6007E-03  7.6470E-03  9.5050E-03  1.1129E-02

     y    x    7      x    8      x    9      x   10      x   11      x   12
    20  1.2479E-02  1.3521E-02  1.4231E-02  1.4590E-02  1.4590E-02  1.4231E-02
    19  3.7117E-02  4.0218E-02  4.2329E-02  4.3398E-02  4.3398E-02  4.2329E-02
    18  6.0846E-02  6.5930E-02  6.9390E-02  7.1142E-02  7.1142E-02  6.9390E-02
    17  8.3076E-02  9.0017E-02  9.4742E-02  9.7134E-02  9.7134E-02  9.4742E-02
    16  1.0326E-01  1.1189E-01  1.1776E-01  1.2073E-01  1.2073E-01  1.1776E-01
    15  1.2090E-01  1.3101E-01  1.3788E-01  1.4136E-01  1.4136E-01  1.3788E-01
    14  1.3557E-01  1.4690E-01  1.5461E-01  1.5851E-01  1.5851E-01  1.5461E-01
    13  1.4690E-01  1.5917E-01  1.6752E-01  1.7175E-01  1.7175E-01  1.6752E-01
    12  1.5461E-01  1.6752E-01  1.7632E-01  1.8077E-01  1.8077E-01  1.7632E-01
    11  1.5851E-01  1.7175E-01  1.8077E-01  1.8533E-01  1.8533E-01  1.8077E-01
    10  1.5851E-01  1.7175E-01  1.8077E-01  1.8533E-01  1.8533E-01  1.8077E-01
     9  1.5461E-01  1.6752E-01  1.7632E-01  1.8077E-01  1.8077E-01  1.7632E-01
     8  1.4690E-01  1.5917E-01  1.6752E-01  1.7175E-01  1.7175E-01  1.6752E-01
     7  1.3557E-01  1.4690E-01  1.5461E-01  1.5851E-01  1.5851E-01  1.5461E-01
     6  1.2090E-01  1.3101E-01  1.3788E-01  1.4136E-01  1.4136E-01  1.3788E-01
     5  1.0326E-01  1.1189E-01  1.1776E-01  1.2073E-01  1.2073E-01  1.1776E-01
     4  8.3076E-02  9.0017E-02  9.4742E-02  9.7134E-02  9.7134E-02  9.4742E-02
     3  6.0846E-02  6.5930E-02  6.9390E-02  7.1142E-02  7.1142E-02  6.9390E-02
     2  3.7117E-02  4.0218E-02  4.2329E-02  4.3398E-02  4.3398E-02  4.2329E-02
     1  1.2479E-02  1.3521E-02  1.4231E-02  1.4590E-02  1.4590E-02  1.4231E-02

     y    x   13      x   14      x   15      x   16      x   17      x   18
    20  1.3521E-02  1.2479E-02  1.1129E-02  9.5050E-03  7.6470E-03  5.6007E-03
    19  4.0218E-02  3.7117E-02  3.3102E-02  2.8272E-02  2.2745E-02  1.6659E-02
    18  6.5930E-02  6.0846E-02  5.4264E-02  4.6346E-02  3.7286E-02  2.7309E-02
    17  9.0017E-02  8.3076E-02  7.4089E-02  6.3278E-02  5.0909E-02  3.7286E-02
    16  1.1189E-01  1.0326E-01  9.2090E-02  7.8653E-02  6.3278E-02  4.6346E-02
    15  1.3101E-01  1.2090E-01  1.0782E-01  9.2090E-02  7.4089E-02  5.4264E-02
    14  1.4690E-01  1.3557E-01  1.2090E-01  1.0326E-01  8.3076E-02  6.0846E-02
    13  1.5917E-01  1.4690E-01  1.3101E-01  1.1189E-01  9.0017E-02  6.5930E-02
    12  1.6752E-01  1.5461E-01  1.3788E-01  1.1776E-01  9.4742E-02  6.9390E-02
    11  1.7175E-01  1.5851E-01  1.4136E-01  1.2073E-01  9.7134E-02  7.1142E-02
    10  1.7175E-01  1.5851E-01  1.4136E-01  1.2073E-01  9.7134E-02  7.1142E-02
     9  1.6752E-01  1.5461E-01  1.3788E-01  1.1776E-01  9.4742E-02  6.9390E-02
     8  1.5917E-01  1.4690E-01  1.3101E-01  1.1189E-01  9.0017E-02  6.5930E-02
     7  1.4690E-01  1.3557E-01  1.2090E-01  1.0326E-01  8.3076E-02  6.0846E-02
     6  1.3101E-01  1.2090E-01  1.0782E-01  9.2090E-02  7.4089E-02  5.4264E-02
     5  1.1189E-01  1.0326E-01  9.2090E-02  7.8653E-02  6.3278E-02  4.6346E-02
     4  9.0017E-02  8.3076E-02  7.4089E-02  6.3278E-02  5.0909E-02  3.7286E-02
     3  6.5930E-02  6.0846E-02  5.4264E-02  4.6346E-02  3.7286E-02  2.7309E-02
     2  4.0218E-02  3.7117E-02  3.3102E-02  2.8272E-02  2.2745E-02  1.6659E-02
     1  1.3521E-02  1.2479E-02  1.1129E-02  9.5050E-03  7.6470E-03  5.6007E-03

     y    x   19      x   20
    20  3.4165E-03  1.1487E-03
    19  1.0162E-02  3.4165E-03
    18  1.6659E-02  5.6008E-03
    17  2.2745E-02  7.6470E-03
    16  2.8272E-02  9.5050E-03
    15  3.3102E-02  1.1129E-02
    14  3.7117E-02  1.2479E-02
    13  4.0218E-02  1.3521E-02
    12  4.2329E-02  1.4231E-02
    11  4.3398E-02  1.4590E-02
    10  4.3398E-02  1.4590E-02
     9  4.2329E-02  1.4231E-02
     8  4.0218E-02  1.3521E-02
     7  3.7117E-02  1.2479E-02
     6  3.3102E-02  1.1129E-02
     5  2.8272E-02  9.5050E-03
     4  2.2745E-02  7.6470E-03
     3  1.6659E-02  5.6008E-03
     2  1.0162E-02  3.4165E-03
     1  3.4165E-03  1.1487E-03

********************************************************************************


 ***********************************
  Group=   3   Z Mid-Plane=    6
 ***********************************

     y    x    1      x    2      x    3      x    4      x    5      x    6
    20  1.7230E-03  5.1248E-03  8.4011E-03  1.1470E-02  1.4257E-02  1.6693E-02
    19  5.1248E-03  1.5244E-02  2.4989E-02  3.4119E-02  4.2408E-02  4.9654E-02
    18  8.4011E-03  2.4989E-02  4.0964E-02  5.5931E-02  6.9520E-02  8.1397E-02
    17  1.1470E-02  3.4119E-02  5.5931E-02  7.6365E-02  9.4919E-02  1.1114E-01
    16  1.4257E-02  4.2408E-02  6.9520E-02  9.4919E-02  1.1798E-01  1.3814E-01
    15  1.6693E-02  4.9654E-02  8.1397E-02  1.1114E-01  1.3814E-01  1.6174E-01
    14  1.8718E-02  5.5676E-02  9.1271E-02  1.2462E-01  1.5489E-01  1.8136E-01
    13  2.0282E-02  6.0328E-02  9.8896E-02  1.3503E-01  1.6784E-01  1.9652E-01
    12  2.1347E-02  6.3495E-02  1.0409E-01  1.4212E-01  1.7665E-01  2.0683E-01
    11  2.1885E-02  6.5097E-02  1.0671E-01  1.4570E-01  1.8110E-01  2.1205E-01
    10  2.1885E-02  6.5097E-02  1.0671E-01  1.4570E-01  1.8110E-01  2.1205E-01
     9  2.1347E-02  6.3495E-02  1.0409E-01  1.4212E-01  1.7665E-01  2.0683E-01
     8  2.0282E-02  6.0328E-02  9.8896E-02  1.3503E-01  1.6784E-01  1.9652E-01
     7  1.8718E-02  5.5676E-02  9.1271E-02  1.2462E-01  1.5489E-01  1.8136E-01
     6  1.6693E-02  4.9654E-02  8.1397E-02  1.1114E-01  1.3814E-01  1.6174E-01
     5  1.4257E-02  4.2408E-02  6.9520E-02  9.4919E-02  1.1798E-01  1.3814E-01
     4  1.1470E-02  3.4119E-02  5.5931E-02  7.6365E-02  9.4919E-02  1.1114E-01
     3  8.4011E-03  2.4989E-02  4.0964E-02  5.5931E-02  6.9520E-02  8.1397E-02
     2  5.1248E-03  1.5244E-02  2.4989E-02  3.4119E-02  4.2408E-02  4.9654E-02
     1  1.7230E-03  5.1248E-03  8.4011E-03  1.1470E-02  1.4257E-02  1.6693E-02

     y    x    7      x    8      x    9      x   10      x   11      x   12
    20  1.8718E-02  2.0282E-02  2.1346E-02  2.1885E-02  2.1885E-02  2.1346E-02
    19  5.5676E-02  6.0328E-02  6.3495E-02  6.5097E-02  6.5097E-02  6.3495E-02
    18  9.1271E-02  9.8896E-02  1.0409E-01  1.0671E-01  1.0671E-01  1.0409E-01
    17  1.2462E-01  1.3503E-01  1.4212E-01  1.4570E-01  1.4570E-01  1.4212E-01
    16  1.5489E-01  1.6784E-01  1.7664E-01  1.8110E-01  1.8110E-01  1.7664E-01
    15  1.8136E-01  1.9652E-01  2.0683E-01  2.1205E-01  2.1205E-01  2.0683E-01
    14  2.0337E-01  2.2036E-01  2.3192E-01  2.3778E-01  2.3778E-01  2.3192E-01
    13  2.2036E-01  2.3877E-01  2.5130E-01  2.5764E-01  2.5764E-01  2.5130E-01
    12  2.3192E-01  2.5130E-01  2.6449E-01  2.7116E-01  2.7116E-01  2.6449E-01
    11  2.3778E-01  2.5764E-01  2.7116E-01  2.7801E-01  2.7801E-01  2.7116E-01
    10  2.3778E-01  2.5764E-01  2.7116E-01  2.7801E-01  2.7801E-01  2.7116E-01
     9  2.3192E-01  2.5130E-01  2.6449E-01  2.7116E-01  2.7116E-01  2.6449E-01
     8  2.2036E-01  2.3877E-01  2.5130E-01  2.5764E-01  2.5764E-01  2.5130E-01
     7  2.0337E-01  2.2036E-01  2.3192E-01  2.3778E-01  2.3778E-01  2.3192E-01
     6  1.8136E-01  1.9652E-01  2.0683E-01  2.1205E-01  2.1205E-01  2.0683E-01
     5  1.5489E-01  1.6784E-01  1.7664E-01  1.8110E-01  1.8110E-01  1.7664E-01
     4  1.2462E-01  1.3503E-01  1.4212E-01  1.4570E-01  1.4570E-01  1.4212E-01
     3  9.1271E-02  9.8896E-02  1.0409E-01  1.0671E-01  1.0671E-01  1.0409E-01
     2  5.5676E-02  6.0328E-02  6.3495E-02  6.5097E-02  6.5097E-02  6.3495E-02
     1  1.8718E-02  2.0282E-02  2.1346E-02  2.1885E-02  2.1885E-02  2.1346E-02

     y    x   13      x   14      x   15      x   16      x   17      x   18
    20  2.0282E-02  1.8718E-02  1.6693E-02  1.4257E-02  1.1470E-02  8.4011E-03
    19  6.0328E-02  5.5676E-02  4.9654E-02  4.2408E-02  3.4119E-02  2.4989E-02
    18  9.8896E-02  9.1271E-02  8.1397E-02  6.9520E-02  5.5931E-02  4.0964E-02
    17  1.3503E-01  1.2462E-01  1.1114E-01  9.4919E-02  7.6365E-02  5.5931E-02
    16  1.6784E-01  1.5489E-01  1.3814E-01  1.1798E-01  9.4919E-02  6.9520E-02
    15  1.9652E-01  1.8136E-01  1.6174E-01  1.3814E-01  1.1114E-01  8.1397E-02
    14  2.2036E-01  2.0337E-01  1.8136E-01  1.5489E-01  1.2462E-01  9.1271E-02
    13  2.3877E-01  2.2036E-01  1.9652E-01  1.6784E-01  1.3503E-01  9.8896E-02
    12  2.5130E-01  2.3192E-01  2.0683E-01  1.7665E-01  1.4212E-01  1.0409E-01
    11  2.5764E-01  2.3778E-01  2.1205E-01  1.8110E-01  1.4570E-01  1.0671E-01
    10  2.5764E-01  2.3778E-01  2.1205E-01  1.8110E-01  1.4570E-01  1.0671E-01
     9  2.5130E-01  2.3192E-01  2.0683E-01  1.7665E-01  1.4212E-01  1.0409E-01
     8  2.3877E-01  2.2036E-01  1.9652E-01  1.6784E-01  1.3503E-01  9.8896E-02
     7  2.2036E-01  2.0337E-01  1.8136E-01  1.5489E-01  1.2462E-01  9.1271E-02
     6  1.9652E-01  1.8136E-01  1.6174E-01  1.3814E-01  1.1114E-01  8.1397E-02
     5  1.6784E-01  1.5489E-01  1.3814E-01  1.1798E-01  9.4919E-02  6.9520E-02
     4  1.3503E-01  1.2462E-01  1.1114E-01  9.4919E-02  7.6365E-02  5.5931E-02
     3  9.8896E-02  9.1271E-02  8.1397E-02  6.9520E-02  5.5931E-02  4.0964E-02
     2  6.0328E-02  5.5676E-02  4.9654E-02  4.2408E-02  3.4119E-02  2.4989E-02
     1  2.0282E-02  1.8718E-02  1.6693E-02  1.4257E-02  1.1470E-02  8.4011E-03

     y    x   19      x   20
    20  5.1248E-03  1.7230E-03
    19  1.5244E-02  5.1248E-03
    18  2.4989E-02  8.4011E-03
    17  3.4119E-02  1.1470E-02
    16  4.2408E-02  1.4257E-02
    15  4.9654E-02  1.6693E-02
    14  5.5676E-02  1.8718E-02
    13  6.0328E-02  2.0282E-02
    12  6.3495E-02  2.1347E-02
    11  6.5097E-02  2.1885E-02
    10  6.5097E-02  2.1885E-02
     9  6.3495E-02  2.1347E-02
     8  6.0328E-02  2.0282E-02
     7  5.5676E-02  1.8718E-02
     6  4.9654E-02  1.6693E-02
     5  4.2408E-02  1.4257E-02
     4  3.4119E-02  1.1470E-02
     3  2.4989E-02  8.4011E-03
     2  1.5244E-02  5.1248E-03
     1  5.1248E-03  1.7230E-03

********************************************************************************


 ***********************************
  Group=   4   Z Mid-Plane=    6
 ***********************************

     y    x    1      x    2      x    3      x    4      x    5      x    6
    20  2.2973E-03  6.8330E-03  1.1201E-02  1.5294E-02  1.9010E-02  2.2258E-02
    19  6.8330E-03  2.0325E-02  3.3319E-02  4.5492E-02  5.6545E-02  6.6205E-02
    18  1.1201E-02  3.3319E-02  5.4619E-02  7.4575E-02  9.2694E-02  1.0853E-01
    17  1.5294E-02  4.5492E-02  7.4575E-02  1.0182E-01  1.2656E-01  1.4818E-01
    16  1.9010E-02  5.6545E-02  9.2694E-02  1.2656E-01  1.5731E-01  1.8419E-01
    15  2.2258E-02  6.6205E-02  1.0853E-01  1.4818E-01  1.8419E-01  2.1566E-01
    14  2.4957E-02  7.4236E-02  1.2170E-01  1.6616E-01  2.0653E-01  2.4182E-01
    13  2.7043E-02  8.0438E-02  1.3186E-01  1.8004E-01  2.2378E-01  2.6203E-01
    12  2.8462E-02  8.4660E-02  1.3878E-01  1.8949E-01  2.3553E-01  2.7578E-01
    11  2.9180E-02  8.6798E-02  1.4229E-01  1.9427E-01  2.4148E-01  2.8274E-01
    10  2.9180E-02  8.6798E-02  1.4229E-01  1.9427E-01  2.4148E-01  2.8274E-01
     9  2.8462E-02  8.4660E-02  1.3878E-01  1.8949E-01  2.3553E-01  2.7578E-01
     8  2.7043E-02  8.0438E-02  1.3186E-01  1.8004E-01  2.2378E-01  2.6203E-01
     7  2.4957E-02  7.4236E-02  1.2170E-01  1.6616E-01  2.0653E-01  2.4182E-01
     6  2.2258E-02  6.6205E-02  1.0853E-01  1.4818E-01  1.8419E-01  2.1566E-01
     5  1.9010E-02  5.6545E-02  9.2694E-02  1.2656E-01  1.5731E-01  1.8419E-01
     4  1.5294E-02  4.5492E-02  7.4575E-02  1.0182E-01  1.2656E-01  1.4818E-01
     3  1.1201E-02  3.3319E-02  5.4619E-02  7.4575E-02  9.2694E-02  1.0853E-01
     2  6.8330E-03  2.0325E-02  3.3319E-02  4.5492E-02  5.6545E-02  6.6205E-02
     1  2.2973E-03  6.8330E-03  1.1201E-02  1.5294E-02  1.9010E-02  2.2258E-02

     y    x    7      x    8      x    9      x   10      x   11      x   12
    20  2.4957E-02  2.7042E-02  2.8462E-02  2.9180E-02  2.9180E-02  2.8462E-02
    19  7.4236E-02  8.0438E-02  8.4660E-02  8.6798E-02  8.6798E-02  8.4660E-02
    18  1.2170E-01  1.3186E-01  1.3878E-01  1.4229E-01  1.4229E-01  1.3878E-01
    17  1.6616E-01  1.8004E-01  1.8949E-01  1.9427E-01  1.9427E-01  1.8949E-01
    16  2.0653E-01  2.2378E-01  2.3553E-01  2.4148E-01  2.4148E-01  2.3553E-01
    15  2.4182E-01  2.6203E-01  2.7578E-01  2.8274E-01  2.8274E-01  2.7578E-01
    14  2.7116E-01  2.9381E-01  3.0923E-01  3.1704E-01  3.1704E-01  3.0923E-01
    13  2.9381E-01  3.1836E-01  3.3507E-01  3.4353E-01  3.4353E-01  3.3507E-01
    12  3.0923E-01  3.3507E-01  3.5266E-01  3.6156E-01  3.6156E-01  3.5266E-01
    11  3.1704E-01  3.4353E-01  3.6156E-01  3.7069E-01  3.7069E-01  3.6156E-01
    10  3.1704E-01  3.4353E-01  3.6156E-01  3.7069E-01  3.7069E-01  3.6156E-01
     9  3.0923E-01  3.3507E-01  3.5266E-01  3.6156E-01  3.6156E-01  3.5266E-01
     8  2.9381E-01  3.1836E-01  3.3507E-01  3.4353E-01  3.4353E-01  3.3507E-01
     7  2.7116E-01  2.9381E-01  3.0923E-01  3.1704E-01  3.1704E-01  3.0923E-01
     6  2.4182E-01  2.6203E-01  2.7578E-01  2.8274E-01  2.8274E-01  2.7578E-01
     5  2.0653E-01  2.2378E-01  2.3553E-01  2.4148E-01  2.4148E-01  2.3553E-01
     4  1.6616E-01  1.8004E-01  1.8949E-01  1.9427E-01  1.9427E-01  1.8949E-01
     3  1.2170E-01  1.3186E-01  1.3878E-01  1.4229E-01  1.4229E-01  1.3878E-01
     2  7.4236E-02  8.0438E-02  8.4660E-02  8.6798E-02  8.6798E-02  8.4660E-02
     1  2.4957E-02  2.7042E-02  2.8462E-02  2.9180E-02  2.9180E-02  2.8462E-02

     y    x   13      x   14      x   15      x   16      x   17      x   18
    20  2.7042E-02  2.4957E-02  2.2258E-02  1.9010E-02  1.5294E-02  1.1201E-02
    19  8.0438E-02  7.4236E-02  6.6205E-02  5.6545E-02  4.5492E-02  3.3319E-02
    18  1.3186E-01  1.2170E-01  1.0853E-01  9.2694E-02  7.4575E-02  5.4619E-02
    17  1.8004E-01  1.6616E-01  1.4818E-01  1.2656E-01  1.0182E-01  7.4575E-02
    16  2.2378E-01  2.0653E-01  1.8419E-01  1.5731E-01  1.2656E-01  9.2694E-02
    15  2.6203E-01  2.4182E-01  2.1566E-01  1.8419E-01  1.4818E-01  1.0853E-01
    14  2.9381E-01  2.7116E-01  2.4182E-01  2.0653E-01  1.6616E-01  1.2170E-01
    13  3.1836E-01  2.9381E-01  2.6203E-01  2.2378E-01  1.8004E-01  1.3186E-01
    12  3.3507E-01  3.0923E-01  2.7578E-01  2.3553E-01  1.8949E-01  1.3878E-01
    11  3.4353E-01  3.1704E-01  2.8274E-01  2.4148E-01  1.9427E-01  1.4229E-01
    10  3.4353E-01  3.1704E-01  2.8274E-01  2.4148E-01  1.9427E-01  1.4229E-01
     9  3.3507E-01  3.0923E-01  2.7578E-01  2.3553E-01  1.8949E-01  1.3878E-01
     8  3.1836E-01  2.9381E-01  2.6203E-01  2.2378E-01  1.8004E-01  1.3186E-01
     7  2.9381E-01  2.7116E-01  2.4182E-01  2.0653E-01  1.6616E-01  1.2170E-01
     6  2.6203E-01  2.4182E-01  2.1566E-01  1.8419E-01  1.4818E-01  1.0853E-01
     5  2.2378E-01  2.0653E-01  1.8419E-01  1.5731E-01  1.2656E-01  9.2694E-02
     4  1.8004E-01  1.6616E-01  1.4818E-01  1.2656E-01  1.0182E-01  7.4575E-02
     3  1.3186E-01  1.2170E-01  1.0853E-01  9.2694E-02  7.4575E-02  5.4619E-02
     2  8.0438E-02  7.4236E-02  6.6205E-02  5.6545E-02  4.5492E-02  3.3319E-02
     1  2.7042E-02  2.4957E-02  2.2258E-02  1.9010E-02  1.5294E-02  1.1201E-02

     y    x   19      x   20
    20  6.8330E-03  2.2973E-03
    19  2.0325E-02  6.8330E-03
    18  3.3319E-02  1.1201E-02
    17  4.5492E-02  1.5294E-02
    16  5.6545E-02  1.9010E-02
    15  6.6205E-02  2.2258E-02
    14  7.4236E-02  2.4957E-02
    13  8.0438E-02  2.7043E-02
    12  8.4660E-02  2.8462E-02
    11  8.6798E-02  2.9180E-02
    10  8.6798E-02  2.9180E-02
     9  8.4660E-02  2.8462E-02
     8  8.0438E-02  2.7043E-02
     7  7.4236E-02  2.4957E-02
     6  6.6205E-02  2.2258E-02
     5  5.6545E-02  1.9010E-02
     4  4.5492E-02  1.5294E-02
     3  3.3319E-02  1.1201E-02
     2  2.0325E-02  6.8330E-03
     1  6.8330E-03  2.2973E-03

********************************************************************************


 ***********************************
  Group=   5   Z Mid-Plane=    6
 ***********************************

     y    x    1      x    2      x    3      x    4      x    5      x    6
    20  2.8715E-03  8.5412E-03  1.4002E-02  1.9117E-02  2.3762E-02  2.7822E-02
    19  8.5412E-03  2.5406E-02  4.1649E-02  5.6865E-02  7.0682E-02  8.2757E-02
    18  1.4002E-02  4.1649E-02  6.8275E-02  9.3219E-02  1.1587E-01  1.3566E-01
    17  1.9117E-02  5.6865E-02  9.3219E-02  1.2728E-01  1.5820E-01  1.8523E-01
    16  2.3762E-02  7.0682E-02  1.1587E-01  1.5820E-01  1.9664E-01  2.3023E-01
    15  2.7822E-02  8.2757E-02  1.3566E-01  1.8523E-01  2.3023E-01  2.6957E-01
    14  3.1197E-02  9.2795E-02  1.5212E-01  2.0770E-01  2.5816E-01  3.0227E-01
    13  3.3803E-02  1.0055E-01  1.6483E-01  2.2505E-01  2.7973E-01  3.2753E-01
    12  3.5577E-02  1.0583E-01  1.7348E-01  2.3686E-01  2.9441E-01  3.4472E-01
    11  3.6475E-02  1.0850E-01  1.7786E-01  2.4284E-01  3.0185E-01  3.5342E-01
    10  3.6475E-02  1.0850E-01  1.7786E-01  2.4284E-01  3.0185E-01  3.5342E-01
     9  3.5577E-02  1.0583E-01  1.7348E-01  2.3686E-01  2.9441E-01  3.4472E-01
     8  3.3803E-02  1.0055E-01  1.6483E-01  2.2505E-01  2.7973E-01  3.2753E-01
     7  3.1197E-02  9.2795E-02  1.5212E-01  2.0770E-01  2.5816E-01  3.0227E-01
     6  2.7822E-02  8.2757E-02  1.3566E-01  1.8523E-01  2.3023E-01  2.6957E-01
     5  2.3762E-02  7.0682E-02  1.1587E-01  1.5820E-01  1.9664E-01  2.3023E-01
     4  1.9117E-02  5.6865E-02  9.3219E-02  1.2728E-01  1.5820E-01  1.8523E-01
     3  1.4002E-02  4.1649E-02  6.8275E-02  9.3219E-02  1.1587E-01  1.3566E-01
     2  8.5412E-03  2.5406E-02  4.1649E-02  5.6865E-02  7.0682E-02  8.2757E-02
