 SNAP: SN (Discrete Ordinates) Application Proxy
 Version Number..  1.05 
 Version Date..  02-19-2015
 Ran on  2-19-2015 at time 13:50:24

********************************************************************************

          keyword Input Echo - Values from input or 

default
********************************************************************************

  NML=invar
     npey=     4
     npez=     2
     ichunk=    10
     nthreads=     2
     nnested=   1
     ndimen=  3
     nx=    20
     ny=    20
     nz=    10
     lx=  1.0000E+00
     ly=  1.0000E+00
     lz=  1.0000E+00
     nmom=   4
     nang=   80
     ng=   30
     mat_opt=  1
     src_opt=  3
     scatp=  0
     epsi=  1.0000E-04
     iitm=   5
     oitm=  100
     timedep=  1
     tf=  1.0000E-02
     nsteps=    10
     swp_typ=  0
     it_det=  0
     soloutp=  1
     kplane=    0
     popout=  0
     fluxp=  0
     fixup=  0

********************************************************************************

          keyword Calculation Run-time Parameters Echo
********************************************************************************

  Geometry
    ndimen = 3
    nx =    20
    ny =    20
    nz =    10
    lx =  1.0000E+00
    ly =  1.0000E+00
    lz =  1.0000E+00
    dx =  5.0000E-02
    dy =  5.0000E-02
    dz =  1.0000E-01

  Sn
    nmom = 4
    nang =   80
    noct = 8

    w =  1.5625E-03   ... uniform weights

          mu              eta               xi
     6.25000000E-03   9.93750000E-01   1.11453466E-01
     1.87500000E-02   9.81250000E-01   1.91825116E-01
     3.12500000E-02   9.68750000E-01   2.46062746E-01
     4.37500000E-02   9.56250000E-01   2.89260912E-01
     5.62500000E-02   9.43750000E-01   3.25840260E-01
     6.87500000E-02   9.31250000E-01   3.57836380E-01
     8.12500000E-02   9.18750000E-01   3.86389538E-01
     9.37500000E-02   9.06250000E-01   4.12215811E-01
     1.06250000E-01   8.93750000E-01   4.35800270E-01
     1.18750000E-01   8.81250000E-01   4.57489754E-01
     1.31250000E-01   8.68750000E-01   4.77542537E-01
     1.43750000E-01   8.56250000E-01   4.96157107E-01
     1.56250000E-01   8.43750000E-01   5.13489898E-01
     1.68750000E-01   8.31250000E-01   5.29666758E-01
     1.81250000E-01   8.18750000E-01   5.44790671E-01
     1.93750000E-01   8.06250000E-01   5.58947113E-01
     2.06250000E-01   7.93750000E-01   5.72207895E-01
     2.18750000E-01   7.81250000E-01   5.84633967E-01
     2.31250000E-01   7.68750000E-01   5.96277515E-01
     2.43750000E-01   7.56250000E-01   6.07183560E-01
     2.56250000E-01   7.43750000E-01   6.17391185E-01
     2.68750000E-01   7.31250000E-01   6.26934506E-01
     2.81250000E-01   7.18750000E-01   6.35843436E-01
     2.93750000E-01   7.06250000E-01   6.44144297E-01
     3.06250000E-01   6.93750000E-01   6.51860319E-01
     3.18750000E-01   6.81250000E-01   6.59012045E-01
     3.31250000E-01   6.68750000E-01   6.65617664E-01
     3.43750000E-01   6.56250000E-01   6.71693289E-01
     3.56250000E-01   6.43750000E-01   6.77253184E-01
     3.68750000E-01   6.31250000E-01   6.82309955E-01
     3.81250000E-01   6.18750000E-01   6.86874716E-01
     3.93750000E-01   6.06250000E-01   6.90957216E-01
     4.06250000E-01   5.93750000E-01   6.94565962E-01
     4.18750000E-01   5.81250000E-01   6.97708302E-01
     4.31250000E-01   5.68750000E-01   7.00390516E-01
     4.43750000E-01   5.56250000E-01   7.02617873E-01
     4.56250000E-01   5.43750000E-01   7.04394687E-01
     4.68750000E-01   5.31250000E-01   7.05724362E-01
     4.81250000E-01   5.18750000E-01   7.06609422E-01
     4.93750000E-01   5.06250000E-01   7.07051536E-01
     5.06250000E-01   4.93750000E-01   7.07051536E-01
     5.18750000E-01   4.81250000E-01   7.06609422E-01
     5.31250000E-01   4.68750000E-01   7.05724362E-01
     5.43750000E-01   4.56250000E-01   7.04394687E-01
     5.56250000E-01   4.43750000E-01   7.02617873E-01
     5.68750000E-01   4.31250000E-01   7.00390516E-01
     5.81250000E-01   4.18750000E-01   6.97708302E-01
     5.93750000E-01   4.06250000E-01   6.94565962E-01
     6.06250000E-01   3.93750000E-01   6.90957216E-01
     6.18750000E-01   3.81250000E-01   6.86874716E-01
     6.31250000E-01   3.68750000E-01   6.82309955E-01
     6.43750000E-01   3.56250000E-01   6.77253184E-01
     6.56250000E-01   3.43750000E-01   6.71693289E-01
     6.68750000E-01   3.31250000E-01   6.65617664E-01
     6.81250000E-01   3.18750000E-01   6.59012045E-01
     6.93750000E-01   3.06250000E-01   6.51860319E-01
     7.06250000E-01   2.93750000E-01   6.44144297E-01
     7.18750000E-01   2.81250000E-01   6.35843436E-01
     7.31250000E-01   2.68750000E-01   6.26934506E-01
     7.43750000E-01   2.56250000E-01   6.17391185E-01
     7.56250000E-01   2.43750000E-01   6.07183560E-01
     7.68750000E-01   2.31250000E-01   5.96277515E-01
     7.81250000E-01   2.18750000E-01   5.84633967E-01
     7.93750000E-01   2.06250000E-01   5.72207895E-01
     8.06250000E-01   1.93750000E-01   5.58947113E-01
     8.18750000E-01   1.81250000E-01   5.44790671E-01
     8.31250000E-01   1.68750000E-01   5.29666758E-01
     8.43750000E-01   1.56250000E-01   5.13489898E-01
     8.56250000E-01   1.43750000E-01   4.96157107E-01
     8.68750000E-01   1.31250000E-01   4.77542537E-01
     8.81250000E-01   1.18750000E-01   4.57489754E-01
     8.93750000E-01   1.06250000E-01   4.35800270E-01
     9.06250000E-01   9.37500000E-02   4.12215811E-01
     9.18750000E-01   8.12500000E-02   3.86389538E-01
     9.31250000E-01   6.87500000E-02   3.57836380E-01
     9.43750000E-01   5.62500000E-02   3.25840260E-01
     9.56250000E-01   4.37500000E-02   2.89260912E-01
     9.68750000E-01   3.12500000E-02   2.46062746E-01
     9.81250000E-01   1.87500000E-02   1.91825116E-01
     9.93750000E-01   6.25000000E-03   1.11453466E-01

  Material Map
    mat_opt = 1   -->   nmat = 2
    Base material (default for every cell) = 1
    Material 2 present:
        Starting cell: (     6,     6,     3 )
        Ending cell:   (    15,    15,     7 )

  Source Map
    src_opt = 3
    MMS-generated source

  Pseudo Cross Sections Data
    ng =  30

    Material 1
    Group         Total         Absorption      Scattering
       1       1.000000E+00    5.000000E-01    5.000000E-01
       2       1.010000E+00    5.050000E-01    5.050000E-01
       3       1.020000E+00    5.100000E-01    5.100000E-01
       4       1.030000E+00    5.150000E-01    5.150000E-01
       5       1.040000E+00    5.200000E-01    5.200000E-01
       6       1.050000E+00    5.250000E-01    5.250000E-01
       7       1.060000E+00    5.300000E-01    5.300000E-01
       8       1.070000E+00    5.350000E-01    5.350000E-01
       9       1.080000E+00    5.400000E-01    5.400000E-01
      10       1.090000E+00    5.450000E-01    5.450000E-01
      11       1.100000E+00    5.500000E-01    5.500000E-01
      12       1.110000E+00    5.550000E-01    5.550000E-01
      13       1.120000E+00    5.600000E-01    5.600000E-01
      14       1.130000E+00    5.650000E-01    5.650000E-01
      15       1.140000E+00    5.700000E-01    5.700000E-01
      16       1.150000E+00    5.750000E-01    5.750000E-01
      17       1.160000E+00    5.800000E-01    5.800000E-01
      18       1.170000E+00    5.850000E-01    5.850000E-01
      19       1.180000E+00    5.900000E-01    5.900000E-01
      20       1.190000E+00    5.950000E-01    5.950000E-01
      21       1.200000E+00    6.000000E-01    6.000000E-01
      22       1.210000E+00    6.050000E-01    6.050000E-01
      23       1.220000E+00    6.100000E-01    6.100000E-01
      24       1.230000E+00    6.150000E-01    6.150000E-01
      25       1.240000E+00    6.200000E-01    6.200000E-01
      26       1.250000E+00    6.250000E-01    6.250000E-01
      27       1.260000E+00    6.300000E-01    6.300000E-01
      28       1.270000E+00    6.350000E-01    6.350000E-01
      29       1.280000E+00    6.400000E-01    6.400000E-01
      30       1.290000E+00    6.450000E-01    6.450000E-01

    Material 2
    Group         Total         Absorption      Scattering
       1       2.000000E+00    8.000000E-01    1.200000E+00
       2       2.010000E+00    8.050000E-01    1.205000E+00
       3       2.020000E+00    8.100000E-01    1.210000E+00
       4       2.030000E+00    8.150000E-01    1.215000E+00
       5       2.040000E+00    8.200000E-01    1.220000E+00
       6       2.050000E+00    8.250000E-01    1.225000E+00
       7       2.060000E+00    8.300000E-01    1.230000E+00
       8       2.070000E+00    8.350000E-01    1.235000E+00
       9       2.080000E+00    8.400000E-01    1.240000E+00
      10       2.090000E+00    8.450000E-01    1.245000E+00
      11       2.100000E+00    8.500000E-01    1.250000E+00
      12       2.110000E+00    8.550000E-01    1.255000E+00
      13       2.120000E+00    8.600000E-01    1.260000E+00
      14       2.130000E+00    8.650000E-01    1.265000E+00
      15       2.140000E+00    8.700000E-01    1.270000E+00
      16       2.150000E+00    8.750000E-01    1.275000E+00
      17       2.160000E+00    8.800000E-01    1.280000E+00
      18       2.170000E+00    8.850000E-01    1.285000E+00
      19       2.180000E+00    8.900000E-01    1.290000E+00
      20       2.190000E+00    8.950000E-01    1.295000E+00
      21       2.200000E+00    9.000000E-01    1.300000E+00
      22       2.210000E+00    9.050000E-01    1.305000E+00
      23       2.220000E+00    9.100000E-01    1.310000E+00
      24       2.230000E+00    9.150000E-01    1.315000E+00
      25       2.240000E+00    9.200000E-01    1.320000E+00
      26       2.250000E+00    9.250000E-01    1.325000E+00
      27       2.260000E+00    9.300000E-01    1.330000E+00
      28       2.270000E+00    9.350000E-01    1.335000E+00
      29       2.280000E+00    9.400000E-01    1.340000E+00
      30       2.290000E+00    9.450000E-01    1.345000E+00

  Time-Dependent Calculation Data
    tf =  1.0000E-02
    nsteps =   10
    dt =  1.0000E-03

    Group        Speed
       1       3.0000E+01
       2       2.9000E+01
       3       2.8000E+01
       4       2.7000E+01
       5       2.6000E+01
       6       2.5000E+01
       7       2.4000E+01
       8       2.3000E+01
       9       2.2000E+01
      10       2.1000E+01
      11       2.0000E+01
      12       1.9000E+01
      13       1.8000E+01
      14       1.7000E+01
      15       1.6000E+01
      16       1.5000E+01
      17       1.4000E+01
      18       1.3000E+01
      19       1.2000E+01
      20       1.1000E+01
      21       1.0000E+01
      22       9.0000E+00
      23       8.0000E+00
      24       7.0000E+00
      25       6.0000E+00
      26       5.0000E+00
      27       4.0000E+00
      28       3.0000E+00
      29       2.0000E+00
      30       1.0000E+00

  Solution Control Parameters
    epsi =  1.0000E-04
    iitm =   5
    oitm =  100
    timedep = 1
    swp_typ = 0
    it_det = 0
    soloutp = 1
    kplane =    0
    popout = 0
    fluxp = 0
    fixup = 0


  Parallelization Parameters
    npey =     4
    npez =     2
    nthreads =    2

          Thread Support Level
           0 - MPI_THREAD_SINGLE
           1 - MPI_THREAD_FUNNELED
           2 - MPI_THREAD_SERIALIZED
           3 - MPI_THREAD_MULTIPLE
    thread_level =  0

    .FALSE. nested threading
      nnested =    1

    Parallel Computational Efficiency = 0.9449

********************************************************************************

          keyword Iteration Monitor
********************************************************************************

 ******************************
  Time Cycle   1
  Outer
    1    Dfmxo= 1.4622E-02    No. Inners=   91
    2    Dfmxo= 7.0451E-02    No. Inners=   64
    3    Dfmxo= 3.7406E-04    No. Inners=   32

  Cycle=   1    Time= 5.0000E-04    No. Outers=   3    No. Inners=  187

 ******************************
  Time Cycle   2
  Outer
    1    Dfmxo= 4.3866E-02    No. Inners=   91
    2    Dfmxo= 7.0451E-02    No. Inners=   64
    3    Dfmxo= 3.7406E-04    No. Inners=   32

  Cycle=   2    Time= 1.5000E-03    No. Outers=   3    No. Inners=  187

 ******************************
  Time Cycle   3
  Outer
    1    Dfmxo= 7.3110E-02    No. Inners=   91
    2    Dfmxo= 7.0452E-02    No. Inners=   64
    3    Dfmxo= 3.7407E-04    No. Inners=   32

  Cycle=   3    Time= 2.5000E-03    No. Outers=   3    No. Inners=  187

 ******************************
  Time Cycle   4
  Outer
    1    Dfmxo= 1.0235E-01    No. Inners=   91
    2    Dfmxo= 7.0454E-02    No. Inners=   64
    3    Dfmxo= 3.7408E-04    No. Inners=   32

  Cycle=   4    Time= 3.5000E-03    No. Outers=   3    No. Inners=  187

 ******************************
  Time Cycle   5
  Outer
    1    Dfmxo= 1.3160E-01    No. Inners=   91
    2    Dfmxo= 7.0456E-02    No. Inners=   64
    3    Dfmxo= 3.7409E-04    No. Inners=   32

  Cycle=   5    Time= 4.5000E-03    No. Outers=   3    No. Inners=  187

 ******************************
  Time Cycle   6
  Outer
    1    Dfmxo= 1.6084E-01    No. Inners=   91
    2    Dfmxo= 7.0459E-02    No. Inners=   64
    3    Dfmxo= 3.7411E-04    No. Inners=   32

  Cycle=   6    Time= 5.5000E-03    No. Outers=   3    No. Inners=  187

 ******************************
  Time Cycle   7
  Outer
    1    Dfmxo= 1.9009E-01    No. Inners=   91
    2    Dfmxo= 7.0462E-02    No. Inners=   64
    3    Dfmxo= 3.7412E-04    No. Inners=   32

  Cycle=   7    Time= 6.5000E-03    No. Outers=   3    No. Inners=  187

 ******************************
  Time Cycle   8
  Outer
    1    Dfmxo= 2.1933E-01    No. Inners=   91
    2    Dfmxo= 7.0466E-02    No. Inners=   64
    3    Dfmxo= 3.7414E-04    No. Inners=   32

  Cycle=   8    Time= 7.5000E-03    No. Outers=   3    No. Inners=  187

 ******************************
  Time Cycle   9
  Outer
    1    Dfmxo= 2.4857E-01    No. Inners=   91
    2    Dfmxo= 7.0469E-02    No. Inners=   64
    3    Dfmxo= 3.7416E-04    No. Inners=   32

  Cycle=   9    Time= 8.5000E-03    No. Outers=   3    No. Inners=  187

 ******************************
  Time Cycle  10
  Outer
    1    Dfmxo= 2.7782E-01    No. Inners=   91
    2    Dfmxo= 7.0473E-02    No. Inners=   64
    3    Dfmxo= 3.7418E-04    No. Inners=   32

  Cycle=  10    Time= 9.5000E-03    No. Outers=   3    No. Inners=  187

 ******************************
  Total inners for all time steps, outers =   1870

********************************************************************************

          keyword Scalar Flux Solution
********************************************************************************

 ***********************************
  Group=   1   Z Mid-Plane=    6
 ***********************************

     y    x    1      x    2      x    3      x    4      x    5      x    6
    20  5.7629E-05  1.7106E-04  2.8032E-04  3.8271E-04  4.7569E-04  5.5696E-04
    19  1.7106E-04  5.0822E-04  8.3295E-04  1.1372E-03  1.4135E-03  1.6550E-03
    18  2.8032E-04  8.3295E-04  1.3652E-03  1.8639E-03  2.3167E-03  2.7125E-03
    17  3.8271E-04  1.1372E-03  1.8639E-03  2.5447E-03  3.1629E-03  3.7033E-03
    16  4.7569E-04  1.4135E-03  2.3167E-03  3.1630E-03  3.9314E-03  4.6030E-03
    15  5.5696E-04  1.6550E-03  2.7125E-03  3.7033E-03  4.6031E-03  5.3894E-03
    14  6.2452E-04  1.8557E-03  3.0415E-03  4.1525E-03  5.1614E-03  6.0432E-03
    13  6.7670E-04  2.0108E-03  3.2956E-03  4.4995E-03  5.5927E-03  6.5481E-03
    12  7.1222E-04  2.1163E-03  3.4686E-03  4.7356E-03  5.8862E-03  6.8918E-03
    11  7.3020E-04  2.1697E-03  3.5562E-03  4.8552E-03  6.0348E-03  7.0658E-03
    10  7.3020E-04  2.1697E-03  3.5562E-03  4.8552E-03  6.0348E-03  7.0658E-03
     9  7.1222E-04  2.1163E-03  3.4686E-03  4.7356E-03  5.8862E-03  6.8918E-03
     8  6.7670E-04  2.0108E-03  3.2956E-03  4.4995E-03  5.5927E-03  6.5481E-03
     7  6.2452E-04  1.8557E-03  3.0415E-03  4.1525E-03  5.1614E-03  6.0432E-03
     6  5.5696E-04  1.6550E-03  2.7125E-03  3.7033E-03  4.6031E-03  5.3894E-03
     5  4.7569E-04  1.4135E-03  2.3167E-03  3.1630E-03  3.9314E-03  4.6030E-03
     4  3.8271E-04  1.1372E-03  1.8639E-03  2.5447E-03  3.1629E-03  3.7033E-03
     3  2.8032E-04  8.3295E-04  1.3652E-03  1.8639E-03  2.3167E-03  2.7125E-03
     2  1.7106E-04  5.0822E-04  8.3295E-04  1.1372E-03  1.4135E-03  1.6550E-03
     1  5.7629E-05  1.7106E-04  2.8032E-04  3.8271E-04  4.7569E-04  5.5696E-04

     y    x    7      x    8      x    9      x   10      x   11      x   12
    20  6.2452E-04  6.7670E-04  7.1222E-04  7.3020E-04  7.3020E-04  7.1222E-04
    19  1.8557E-03  2.0108E-03  2.1163E-03  2.1697E-03  2.1697E-03  2.1163E-03
    18  3.0415E-03  3.2956E-03  3.4686E-03  3.5562E-03  3.5562E-03  3.4686E-03
    17  4.1525E-03  4.4995E-03  4.7356E-03  4.8552E-03  4.8552E-03  4.7356E-03
    16  5.1613E-03  5.5926E-03  5.8861E-03  6.0347E-03  6.0347E-03  5.8861E-03
    15  6.0432E-03  6.5481E-03  6.8917E-03  7.0657E-03  7.0657E-03  6.8917E-03
    14  6.7762E-03  7.3424E-03  7.7278E-03  7.9228E-03  7.9228E-03  7.7278E-03
    13  7.3424E-03  7.9559E-03  8.3734E-03  8.5848E-03  8.5848E-03  8.3734E-03
    12  7.7278E-03  8.3735E-03  8.8129E-03  9.0354E-03  9.0354E-03  8.8129E-03
    11  7.9229E-03  8.5848E-03  9.0354E-03  9.2635E-03  9.2635E-03  9.0354E-03
    10  7.9229E-03  8.5848E-03  9.0354E-03  9.2635E-03  9.2635E-03  9.0354E-03
     9  7.7278E-03  8.3735E-03  8.8129E-03  9.0354E-03  9.0354E-03  8.8129E-03
     8  7.3424E-03  7.9559E-03  8.3734E-03  8.5848E-03  8.5848E-03  8.3734E-03
     7  6.7762E-03  7.3424E-03  7.7278E-03  7.9228E-03  7.9228E-03  7.7278E-03
     6  6.0432E-03  6.5481E-03  6.8917E-03  7.0657E-03  7.0657E-03  6.8917E-03
     5  5.1613E-03  5.5926E-03  5.8861E-03  6.0347E-03  6.0347E-03  5.8861E-03
     4  4.1525E-03  4.4995E-03  4.7356E-03  4.8552E-03  4.8552E-03  4.7356E-03
     3  3.0415E-03  3.2956E-03  3.4686E-03  3.5562E-03  3.5562E-03  3.4686E-03
     2  1.8557E-03  2.0108E-03  2.1163E-03  2.1697E-03  2.1697E-03  2.1163E-03
     1  6.2452E-04  6.7670E-04  7.1222E-04  7.3020E-04  7.3020E-04  7.1222E-04

     y    x   13      x   14      x   15      x   16      x   17      x   18
    20  6.7670E-04  6.2452E-04  5.5696E-04  4.7569E-04  3.8271E-04  2.8032E-04
    19  2.0108E-03  1.8557E-03  1.6550E-03  1.4135E-03  1.1372E-03  8.3295E-04
    18  3.2956E-03  3.0415E-03  2.7125E-03  2.3167E-03  1.8639E-03  1.3652E-03
    17  4.4995E-03  4.1525E-03  3.7033E-03  3.1629E-03  2.5447E-03  1.8639E-03
    16  5.5926E-03  5.1613E-03  4.6030E-03  3.9314E-03  3.1630E-03  2.3167E-03
    15  6.5481E-03  6.0432E-03  5.3894E-03  4.6031E-03  3.7033E-03  2.7125E-03
    14  7.3424E-03  6.7762E-03  6.0432E-03  5.1614E-03  4.1525E-03  3.0415E-03
    13  7.9559E-03  7.3424E-03  6.5481E-03  5.5927E-03  4.4995E-03  3.2956E-03
    12  8.3735E-03  7.7278E-03  6.8918E-03  5.8862E-03  4.7356E-03  3.4686E-03
    11  8.5848E-03  7.9229E-03  7.0658E-03  6.0348E-03  4.8552E-03  3.5562E-03
    10  8.5848E-03  7.9229E-03  7.0658E-03  6.0348E-03  4.8552E-03  3.5562E-03
     9  8.3735E-03  7.7278E-03  6.8918E-03  5.8862E-03  4.7356E-03  3.4686E-03
     8  7.9559E-03  7.3424E-03  6.5481E-03  5.5927E-03  4.4995E-03  3.2956E-03
     7  7.3424E-03  6.7762E-03  6.0432E-03  5.1614E-03  4.1525E-03  3.0415E-03
     6  6.5481E-03  6.0432E-03  5.3894E-03  4.6031E-03  3.7033E-03  2.7125E-03
     5  5.5926E-03  5.1613E-03  4.6030E-03  3.9314E-03  3.1630E-03  2.3167E-03
     4  4.4995E-03  4.1525E-03  3.7033E-03  3.1629E-03  2.5447E-03  1.8639E-03
     3  3.2956E-03  3.0415E-03  2.7125E-03  2.3167E-03  1.8639E-03  1.3652E-03
     2  2.0108E-03  1.8557E-03  1.6550E-03  1.4135E-03  1.1372E-03  8.3295E-04
     1  6.7670E-04  6.2452E-04  5.5696E-04  4.7569E-04  3.8271E-04  2.8032E-04

     y    x   19      x   20
    20  1.7106E-04  5.7629E-05
    19  5.0822E-04  1.7106E-04
    18  8.3295E-04  2.8032E-04
    17  1.1372E-03  3.8271E-04
    16  1.4135E-03  4.7569E-04
    15  1.6550E-03  5.5696E-04
    14  1.8557E-03  6.2452E-04
    13  2.0108E-03  6.7670E-04
    12  2.1163E-03  7.1222E-04
    11  2.1697E-03  7.3020E-04
    10  2.1697E-03  7.3020E-04
     9  2.1163E-03  7.1222E-04
     8  2.0108E-03  6.7670E-04
     7  1.8557E-03  6.2452E-04
     6  1.6550E-03  5.5696E-04
     5  1.4135E-03  4.7569E-04
     4  1.1372E-03  3.8271E-04
     3  8.3295E-04  2.8032E-04
     2  5.0822E-04  1.7106E-04
     1  1.7106E-04  5.7629E-05

********************************************************************************


 ***********************************
  Group=   2   Z Mid-Plane=    6
 ***********************************

     y    x    1      x    2      x    3      x    4      x    5      x    6
    20  1.1523E-04  3.4209E-04  5.6062E-04  7.6540E-04  9.5136E-04  1.1139E-03
    19  3.4209E-04  1.0164E-03  1.6659E-03  2.2745E-03  2.8270E-03  3.3100E-03
    18  5.6063E-04  1.6659E-03  2.7304E-03  3.7278E-03  4.6335E-03  5.4252E-03
    17  7.6540E-04  2.2745E-03  3.7278E-03  5.0896E-03  6.3261E-03  7.4069E-03
    16  9.5136E-04  2.8270E-03  4.6335E-03  6.3261E-03  7.8631E-03  9.2065E-03
    15  1.1139E-03  3.3100E-03  5.4252E-03  7.4069E-03  9.2065E-03  1.0779E-02
    14  1.2490E-03  3.7115E-03  6.0832E-03  8.3054E-03  1.0323E-02  1.2087E-02
    13  1.3534E-03  4.0216E-03  6.5915E-03  8.9993E-03  1.1186E-02  1.3097E-02
    12  1.4244E-03  4.2327E-03  6.9374E-03  9.4716E-03  1.1773E-02  1.3784E-02
    11  1.4604E-03  4.3396E-03  7.1126E-03  9.7108E-03  1.2070E-02  1.4132E-02
    10  1.4604E-03  4.3396E-03  7.1126E-03  9.7108E-03  1.2070E-02  1.4132E-02
     9  1.4244E-03  4.2327E-03  6.9374E-03  9.4716E-03  1.1773E-02  1.3784E-02
     8  1.3534E-03  4.0216E-03  6.5915E-03  8.9993E-03  1.1186E-02  1.3097E-02
     7  1.2490E-03  3.7115E-03  6.0832E-03  8.3054E-03  1.0323E-02  1.2087E-02
     6  1.1139E-03  3.3100E-03  5.4252E-03  7.4069E-03  9.2065E-03  1.0779E-02
     5  9.5136E-04  2.8270E-03  4.6335E-03  6.3261E-03  7.8631E-03  9.2065E-03
     4  7.6540E-04  2.2745E-03  3.7278E-03  5.0896E-03  6.3261E-03  7.4069E-03
     3  5.6063E-04  1.6659E-03  2.7304E-03  3.7278E-03  4.6335E-03  5.4252E-03
     2  3.4209E-04  1.0164E-03  1.6659E-03  2.2745E-03  2.8270E-03  3.3100E-03
     1  1.1523E-04  3.4209E-04  5.6062E-04  7.6540E-04  9.5136E-04  1.1139E-03

     y    x    7      x    8      x    9      x   10      x   11      x   12
    20  1.2490E-03  1.3534E-03  1.4244E-03  1.4604E-03  1.4604E-03  1.4244E-03
    19  3.7115E-03  4.0216E-03  4.2327E-03  4.3396E-03  4.3396E-03  4.2327E-03
    18  6.0832E-03  6.5915E-03  6.9374E-03  7.1126E-03  7.1126E-03  6.9374E-03
    17  8.3054E-03  8.9993E-03  9.4716E-03  9.7107E-03  9.7107E-03  9.4716E-03
    16  1.0323E-02  1.1186E-02  1.1773E-02  1.2070E-02  1.2070E-02  1.1773E-02
    15  1.2087E-02  1.3097E-02  1.3784E-02  1.4132E-02  1.4132E-02  1.3784E-02
    14  1.3553E-02  1.4686E-02  1.5456E-02  1.5847E-02  1.5847E-02  1.5456E-02
    13  1.4686E-02  1.5913E-02  1.6748E-02  1.7171E-02  1.7171E-02  1.6748E-02
    12  1.5457E-02  1.6748E-02  1.7627E-02  1.8072E-02  1.8072E-02  1.7627E-02
    11  1.5847E-02  1.7171E-02  1.8072E-02  1.8528E-02  1.8528E-02  1.8072E-02
    10  1.5847E-02  1.7171E-02  1.8072E-02  1.8528E-02  1.8528E-02  1.8072E-02
     9  1.5457E-02  1.6748E-02  1.7627E-02  1.8072E-02  1.8072E-02  1.7627E-02
     8  1.4686E-02  1.5913E-02  1.6748E-02  1.7171E-02  1.7171E-02  1.6748E-02
     7  1.3553E-02  1.4686E-02  1.5456E-02  1.5847E-02  1.5847E-02  1.5456E-02
     6  1.2087E-02  1.3097E-02  1.3784E-02  1.4132E-02  1.4132E-02  1.3784E-02
     5  1.0323E-02  1.1186E-02  1.1773E-02  1.2070E-02  1.2070E-02  1.1773E-02
     4  8.3054E-03  8.9993E-03  9.4716E-03  9.7107E-03  9.7107E-03  9.4716E-03
     3  6.0832E-03  6.5915E-03  6.9374E-03  7.1126E-03  7.1126E-03  6.9374E-03
     2  3.7115E-03  4.0216E-03  4.2327E-03  4.3396E-03  4.3396E-03  4.2327E-03
     1  1.2490E-03  1.3534E-03  1.4244E-03  1.4604E-03  1.4604E-03  1.4244E-03

     y    x   13      x   14      x   15      x   16      x   17      x   18
    20  1.3534E-03  1.2490E-03  1.1139E-03  9.5136E-04  7.6540E-04  5.6062E-04
    19  4.0216E-03  3.7115E-03  3.3100E-03  2.8270E-03  2.2745E-03  1.6659E-03
    18  6.5915E-03  6.0832E-03  5.4252E-03  4.6335E-03  3.7278E-03  2.7304E-03
    17  8.9993E-03  8.3054E-03  7.4069E-03  6.3261E-03  5.0896E-03  3.7278E-03
    16  1.1186E-02  1.0323E-02  9.2065E-03  7.8631E-03  6.3261E-03  4.6335E-03
    15  1.3097E-02  1.2087E-02  1.0779E-02  9.2065E-03  7.4069E-03  5.4252E-03
    14  1.4686E-02  1.3553E-02  1.2087E-02  1.0323E-02  8.3054E-03  6.0832E-03
    13  1.5913E-02  1.4686E-02  1.3097E-02  1.1186E-02  8.9993E-03  6.5915E-03
    12  1.6748E-02  1.5457E-02  1.3784E-02  1.1773E-02  9.4716E-03  6.9374E-03
    11  1.7171E-02  1.5847E-02  1.4132E-02  1.2070E-02  9.7108E-03  7.1126E-03
    10  1.7171E-02  1.5847E-02  1.4132E-02  1.2070E-02  9.7108E-03  7.1126E-03
     9  1.6748E-02  1.5457E-02  1.3784E-02  1.1773E-02  9.4716E-03  6.9374E-03
     8  1.5913E-02  1.4686E-02  1.3097E-02  1.1186E-02  8.9993E-03  6.5915E-03
     7  1.4686E-02  1.3553E-02  1.2087E-02  1.0323E-02  8.3054E-03  6.0832E-03
     6  1.3097E-02  1.2087E-02  1.0779E-02  9.2065E-03  7.4069E-03  5.4252E-03
     5  1.1186E-02  1.0323E-02  9.2065E-03  7.8631E-03  6.3261E-03  4.6335E-03
     4  8.9993E-03  8.3054E-03  7.4069E-03  6.3261E-03  5.0896E-03  3.7278E-03
     3  6.5915E-03  6.0832E-03  5.4252E-03  4.6335E-03  3.7278E-03  2.7304E-03
     2  4.0216E-03  3.7115E-03  3.3100E-03  2.8270E-03  2.2745E-03  1.6659E-03
     1  1.3534E-03  1.2490E-03  1.1139E-03  9.5136E-04  7.6540E-04  5.6062E-04

     y    x   19      x   20
    20  3.4209E-04  1.1523E-04
    19  1.0164E-03  3.4209E-04
    18  1.6659E-03  5.6063E-04
    17  2.2745E-03  7.6540E-04
    16  2.8270E-03  9.5136E-04
    15  3.3100E-03  1.1139E-03
    14  3.7115E-03  1.2490E-03
    13  4.0216E-03  1.3534E-03
    12  4.2327E-03  1.4244E-03
    11  4.3396E-03  1.4604E-03
    10  4.3396E-03  1.4604E-03
     9  4.2327E-03  1.4244E-03
     8  4.0216E-03  1.3534E-03
     7  3.7115E-03  1.2490E-03
     6  3.3100E-03  1.1139E-03
     5  2.8270E-03  9.5136E-04
     4  2.2745E-03  7.6540E-04
     3  1.6659E-03  5.6063E-04
     2  1.0164E-03  3.4209E-04
     1  3.4209E-04  1.1523E-04

********************************************************************************


 ***********************************
  Group=   3   Z Mid-Plane=    6
 ***********************************

     y    x    1      x    2      x    3      x    4      x    5      x    6
    20  1.7283E-04  5.1311E-04  8.4091E-04  1.1481E-03  1.4270E-03  1.6708E-03
    19  5.1311E-04  1.5246E-03  2.4989E-03  3.4117E-03  4.2406E-03  4.9651E-03
    18  8.4091E-04  2.4989E-03  4.0957E-03  5.5919E-03  6.9504E-03  8.1379E-03
    17  1.1481E-03  3.4117E-03  5.5919E-03  7.6346E-03  9.4894E-03  1.1111E-02
    16  1.4270E-03  4.2406E-03  6.9504E-03  9.4894E-03  1.1795E-02  1.3810E-02
    15  1.6708E-03  4.9651E-03  8.1379E-03  1.1111E-02  1.3810E-02  1.6170E-02
    14  1.8735E-03  5.5674E-03  9.1250E-03  1.2458E-02  1.5485E-02  1.8131E-02
    13  2.0300E-03  6.0325E-03  9.8874E-03  1.3499E-02  1.6779E-02  1.9646E-02
    12  2.1366E-03  6.3492E-03  1.0406E-02  1.4208E-02  1.7660E-02  2.0677E-02
    11  2.1905E-03  6.5095E-03  1.0669E-02  1.4566E-02  1.8106E-02  2.1199E-02
    10  2.1905E-03  6.5095E-03  1.0669E-02  1.4566E-02  1.8106E-02  2.1199E-02
     9  2.1366E-03  6.3492E-03  1.0406E-02  1.4208E-02  1.7660E-02  2.0677E-02
     8  2.0300E-03  6.0325E-03  9.8874E-03  1.3499E-02  1.6779E-02  1.9646E-02
     7  1.8735E-03  5.5674E-03  9.1250E-03  1.2458E-02  1.5485E-02  1.8131E-02
     6  1.6708E-03  4.9651E-03  8.1379E-03  1.1111E-02  1.3810E-02  1.6170E-02
     5  1.4270E-03  4.2406E-03  6.9504E-03  9.4894E-03  1.1795E-02  1.3810E-02
     4  1.1481E-03  3.4117E-03  5.5919E-03  7.6346E-03  9.4894E-03  1.1111E-02
     3  8.4091E-04  2.4989E-03  4.0957E-03  5.5919E-03  6.9504E-03  8.1379E-03
     2  5.1311E-04  1.5246E-03  2.4989E-03  3.4117E-03  4.2406E-03  4.9651E-03
     1  1.7283E-04  5.1311E-04  8.4091E-04  1.1481E-03  1.4270E-03  1.6708E-03

     y    x    7      x    8      x    9      x   10      x   11      x   12
    20  1.8735E-03  2.0300E-03  2.1365E-03  2.1905E-03  2.1905E-03  2.1365E-03
    19  5.5674E-03  6.0325E-03  6.3492E-03  6.5094E-03  6.5094E-03  6.3492E-03
    18  9.1250E-03  9.8874E-03  1.0406E-02  1.0669E-02  1.0669E-02  1.0406E-02
    17  1.2458E-02  1.3499E-02  1.4208E-02  1.4566E-02  1.4566E-02  1.4208E-02
    16  1.5485E-02  1.6779E-02  1.7660E-02  1.8105E-02  1.8105E-02  1.7660E-02
    15  1.8131E-02  1.9646E-02  2.0677E-02  2.1199E-02  2.1199E-02  2.0677E-02
    14  2.0330E-02  2.2029E-02  2.3185E-02  2.3771E-02  2.3771E-02  2.3185E-02
    13  2.2029E-02  2.3870E-02  2.5123E-02  2.5757E-02  2.5757E-02  2.5123E-02
    12  2.3185E-02  2.5123E-02  2.6441E-02  2.7109E-02  2.7109E-02  2.6441E-02
    11  2.3771E-02  2.5757E-02  2.7109E-02  2.7793E-02  2.7793E-02  2.7109E-02
    10  2.3771E-02  2.5757E-02  2.7109E-02  2.7793E-02  2.7793E-02  2.7109E-02
     9  2.3185E-02  2.5123E-02  2.6441E-02  2.7109E-02  2.7109E-02  2.6441E-02
     8  2.2029E-02  2.3870E-02  2.5123E-02  2.5757E-02  2.5757E-02  2.5123E-02
     7  2.0330E-02  2.2029E-02  2.3185E-02  2.3771E-02  2.3771E-02  2.3185E-02
     6  1.8131E-02  1.9646E-02  2.0677E-02  2.1199E-02  2.1199E-02  2.0677E-02
     5  1.5485E-02  1.6779E-02  1.7660E-02  1.8105E-02  1.8105E-02  1.7660E-02
     4  1.2458E-02  1.3499E-02  1.4208E-02  1.4566E-02  1.4566E-02  1.4208E-02
     3  9.1250E-03  9.8874E-03  1.0406E-02  1.0669E-02  1.0669E-02  1.0406E-02
     2  5.5674E-03  6.0325E-03  6.3492E-03  6.5094E-03  6.5094E-03  6.3492E-03
     1  1.8735E-03  2.0300E-03  2.1365E-03  2.1905E-03  2.1905E-03  2.1365E-03

     y    x   13      x   14      x   15      x   16      x   17      x   18
    20  2.0300E-03  1.8735E-03  1.6708E-03  1.4270E-03  1.1481E-03  8.4091E-04
    19  6.0325E-03  5.5674E-03  4.9651E-03  4.2406E-03  3.4117E-03  2.4989E-03
    18  9.8874E-03  9.1250E-03  8.1379E-03  6.9504E-03  5.5919E-03  4.0957E-03
    17  1.3499E-02  1.2458E-02  1.1111E-02  9.4894E-03  7.6346E-03  5.5919E-03
    16  1.6779E-02  1.5485E-02  1.3810E-02  1.1795E-02  9.4894E-03  6.9504E-03
    15  1.9646E-02  1.8131E-02  1.6170E-02  1.3810E-02  1.1111E-02  8.1379E-03
    14  2.2029E-02  2.0330E-02  1.8131E-02  1.5485E-02  1.2458E-02  9.1250E-03
    13  2.3870E-02  2.2029E-02  1.9646E-02  1.6779E-02  1.3499E-02  9.8874E-03
    12  2.5123E-02  2.3185E-02  2.0677E-02  1.7660E-02  1.4208E-02  1.0406E-02
    11  2.5757E-02  2.3771E-02  2.1199E-02  1.8106E-02  1.4566E-02  1.0669E-02
    10  2.5757E-02  2.3771E-02  2.1199E-02  1.8106E-02  1.4566E-02  1.0669E-02
     9  2.5123E-02  2.3185E-02  2.0677E-02  1.7660E-02  1.4208E-02  1.0406E-02
     8  2.3870E-02  2.2029E-02  1.9646E-02  1.6779E-02  1.3499E-02  9.8874E-03
     7  2.2029E-02  2.0330E-02  1.8131E-02  1.5485E-02  1.2458E-02  9.1250E-03
     6  1.9646E-02  1.8131E-02  1.6170E-02  1.3810E-02  1.1111E-02  8.1379E-03
     5  1.6779E-02  1.5485E-02  1.3810E-02  1.1795E-02  9.4894E-03  6.9504E-03
     4  1.3499E-02  1.2458E-02  1.1111E-02  9.4894E-03  7.6346E-03  5.5919E-03
     3  9.8874E-03  9.1250E-03  8.1379E-03  6.9504E-03  5.5919E-03  4.0957E-03
     2  6.0325E-03  5.5674E-03  4.9651E-03  4.2406E-03  3.4117E-03  2.4989E-03
     1  2.0300E-03  1.8735E-03  1.6708E-03  1.4270E-03  1.1481E-03  8.4091E-04

     y    x   19      x   20
    20  5.1311E-04  1.7283E-04
    19  1.5246E-03  5.1311E-04
    18  2.4989E-03  8.4091E-04
    17  3.4117E-03  1.1481E-03
    16  4.2406E-03  1.4270E-03
    15  4.9651E-03  1.6708E-03
    14  5.5674E-03  1.8735E-03
    13  6.0325E-03  2.0300E-03
    12  6.3492E-03  2.1366E-03
    11  6.5095E-03  2.1905E-03
    10  6.5095E-03  2.1905E-03
     9  6.3492E-03  2.1366E-03
     8  6.0325E-03  2.0300E-03
     7  5.5674E-03  1.8735E-03
     6  4.9651E-03  1.6708E-03
     5  4.2406E-03  1.4270E-03
     4  3.4117E-03  1.1481E-03
     3  2.4989E-03  8.4091E-04
     2  1.5246E-03  5.1311E-04
     1  5.1311E-04  1.7283E-04

********************************************************************************


 ***********************************
  Group=   4   Z Mid-Plane=    6
 ***********************************

     y    x    1      x    2      x    3      x    4      x    5      x    6
    20  2.3040E-04  6.8411E-04  1.1212E-03  1.5307E-03  1.9026E-03  2.2277E-03
    19  6.8411E-04  2.0328E-03  3.3319E-03  4.5490E-03  5.6542E-03  6.6202E-03
    18  1.1212E-03  3.3319E-03  5.4610E-03  7.4560E-03  9.2674E-03  1.0851E-02
    17  1.5307E-03  4.5490E-03  7.4560E-03  1.0180E-02  1.2653E-02  1.4815E-02
    16  1.9026E-03  5.6542E-03  9.2674E-03  1.2653E-02  1.5727E-02  1.8414E-02
    15  2.2277E-03  6.6202E-03  1.0851E-02  1.4815E-02  1.8414E-02  2.1560E-02
    14  2.4979E-03  7.4233E-03  1.2167E-02  1.6612E-02  2.0648E-02  2.4175E-02
    13  2.7066E-03  8.0435E-03  1.3184E-02  1.7999E-02  2.2373E-02  2.6195E-02
    12  2.8487E-03  8.4657E-03  1.3875E-02  1.8944E-02  2.3547E-02  2.7570E-02
    11  2.9206E-03  8.6794E-03  1.4226E-02  1.9422E-02  2.4141E-02  2.8266E-02
    10  2.9206E-03  8.6794E-03  1.4226E-02  1.9422E-02  2.4141E-02  2.8266E-02
     9  2.8487E-03  8.4657E-03  1.3875E-02  1.8944E-02  2.3547E-02  2.7570E-02
     8  2.7066E-03  8.0435E-03  1.3184E-02  1.7999E-02  2.2373E-02  2.6195E-02
     7  2.4979E-03  7.4233E-03  1.2167E-02  1.6612E-02  2.0648E-02  2.4175E-02
     6  2.2277E-03  6.6202E-03  1.0851E-02  1.4815E-02  1.8414E-02  2.1560E-02
     5  1.9026E-03  5.6542E-03  9.2674E-03  1.2653E-02  1.5727E-02  1.8414E-02
     4  1.5307E-03  4.5490E-03  7.4560E-03  1.0180E-02  1.2653E-02  1.4815E-02
     3  1.1212E-03  3.3319E-03  5.4610E-03  7.4560E-03  9.2674E-03  1.0851E-02
     2  6.8411E-04  2.0328E-03  3.3319E-03  4.5490E-03  5.6542E-03  6.6202E-03
     1  2.3040E-04  6.8411E-04  1.1212E-03  1.5307E-03  1.9026E-03  2.2277E-03

     y    x    7      x    8      x    9      x   10      x   11      x   12
    20  2.4979E-03  2.7066E-03  2.8487E-03  2.9206E-03  2.9206E-03  2.8487E-03
    19  7.4233E-03  8.0435E-03  8.4656E-03  8.6794E-03  8.6794E-03  8.4656E-03
    18  1.2167E-02  1.3183E-02  1.3875E-02  1.4226E-02  1.4226E-02  1.3875E-02
    17  1.6612E-02  1.7999E-02  1.8944E-02  1.9422E-02  1.9422E-02  1.8944E-02
    16  2.0647E-02  2.2373E-02  2.3547E-02  2.4141E-02  2.4141E-02  2.3547E-02
    15  2.4175E-02  2.6195E-02  2.7570E-02  2.8266E-02  2.8266E-02  2.7570E-02
    14  2.7108E-02  2.9373E-02  3.0915E-02  3.1695E-02  3.1695E-02  3.0915E-02
    13  2.9373E-02  3.1827E-02  3.3498E-02  3.4343E-02  3.4343E-02  3.3498E-02
    12  3.0915E-02  3.3498E-02  3.5256E-02  3.6146E-02  3.6146E-02  3.5256E-02
    11  3.1695E-02  3.4343E-02  3.6146E-02  3.7058E-02  3.7058E-02  3.6146E-02
    10  3.1695E-02  3.4343E-02  3.6146E-02  3.7058E-02  3.7058E-02  3.6146E-02
     9  3.0915E-02  3.3498E-02  3.5256E-02  3.6146E-02  3.6146E-02  3.5256E-02
     8  2.9373E-02  3.1827E-02  3.3498E-02  3.4343E-02  3.4343E-02  3.3498E-02
     7  2.7108E-02  2.9373E-02  3.0915E-02  3.1695E-02  3.1695E-02  3.0915E-02
     6  2.4175E-02  2.6195E-02  2.7570E-02  2.8266E-02  2.8266E-02  2.7570E-02
     5  2.0647E-02  2.2373E-02  2.3547E-02  2.4141E-02  2.4141E-02  2.3547E-02
     4  1.6612E-02  1.7999E-02  1.8944E-02  1.9422E-02  1.9422E-02  1.8944E-02
     3  1.2167E-02  1.3183E-02  1.3875E-02  1.4226E-02  1.4226E-02  1.3875E-02
     2  7.4233E-03  8.0435E-03  8.4656E-03  8.6794E-03  8.6794E-03  8.4656E-03
     1  2.4979E-03  2.7066E-03  2.8487E-03  2.9206E-03  2.9206E-03  2.8487E-03

     y    x   13      x   14      x   15      x   16      x   17      x   18
    20  2.7066E-03  2.4979E-03  2.2277E-03  1.9026E-03  1.5307E-03  1.1212E-03
    19  8.0435E-03  7.4233E-03  6.6202E-03  5.6542E-03  4.5490E-03  3.3319E-03
    18  1.3183E-02  1.2167E-02  1.0851E-02  9.2674E-03  7.4560E-03  5.4610E-03
    17  1.7999E-02  1.6612E-02  1.4815E-02  1.2653E-02  1.0180E-02  7.4560E-03
    16  2.2373E-02  2.0647E-02  1.8414E-02  1.5727E-02  1.2653E-02  9.2674E-03
    15  2.6195E-02  2.4175E-02  2.1560E-02  1.8414E-02  1.4815E-02  1.0851E-02
    14  2.9373E-02  2.7108E-02  2.4175E-02  2.0648E-02  1.6612E-02  1.2167E-02
    13  3.1827E-02  2.9373E-02  2.6195E-02  2.2373E-02  1.7999E-02  1.3184E-02
    12  3.3498E-02  3.0915E-02  2.7570E-02  2.3547E-02  1.8944E-02  1.3875E-02
    11  3.4343E-02  3.1695E-02  2.8266E-02  2.4141E-02  1.9422E-02  1.4226E-02
    10  3.4343E-02  3.1695E-02  2.8266E-02  2.4141E-02  1.9422E-02  1.4226E-02
     9  3.3498E-02  3.0915E-02  2.7570E-02  2.3547E-02  1.8944E-02  1.3875E-02
     8  3.1827E-02  2.9373E-02  2.6195E-02  2.2373E-02  1.7999E-02  1.3184E-02
     7  2.9373E-02  2.7108E-02  2.4175E-02  2.0648E-02  1.6612E-02  1.2167E-02
     6  2.6195E-02  2.4175E-02  2.1560E-02  1.8414E-02  1.4815E-02  1.0851E-02
     5  2.2373E-02  2.0647E-02  1.8414E-02  1.5727E-02  1.2653E-02  9.2674E-03
     4  1.7999E-02  1.6612E-02  1.4815E-02  1.2653E-02  1.0180E-02  7.4560E-03
     3  1.3183E-02  1.2167E-02  1.0851E-02  9.2674E-03  7.4560E-03  5.4610E-03
     2  8.0435E-03  7.4233E-03  6.6202E-03  5.6542E-03  4.5490E-03  3.3319E-03
     1  2.7066E-03  2.4979E-03  2.2277E-03  1.9026E-03  1.5307E-03  1.1212E-03

     y    x   19      x   20
    20  6.8411E-04  2.3040E-04
    19  2.0328E-03  6.8411E-04
    18  3.3319E-03  1.1212E-03
    17  4.5490E-03  1.5307E-03
    16  5.6542E-03  1.9026E-03
    15  6.6202E-03  2.2277E-03
    14  7.4233E-03  2.4979E-03
    13  8.0435E-03  2.7066E-03
    12  8.4657E-03  2.8487E-03
    11  8.6794E-03  2.9206E-03
    10  8.6794E-03  2.9206E-03
     9  8.4657E-03  2.8487E-03
     8  8.0435E-03  2.7066E-03
     7  7.4233E-03  2.4979E-03
     6  6.6202E-03  2.2277E-03
     5  5.6542E-03  1.9026E-03
     4  4.5490E-03  1.5307E-03
     3  3.3319E-03  1.1212E-03
     2  2.0328E-03  6.8411E-04
     1  6.8411E-04  2.3040E-04

********************************************************************************


 ***********************************
  Group=   5   Z Mid-Plane=    6
 ***********************************

     y    x    1      x    2      x    3      x    4      x    5      x    6
    20  2.8796E-04  8.5510E-04  1.4014E-03  1.9134E-03  2.3782E-03  2.7846E-03
    19  8.5510E-04  2.5410E-03  4.1648E-03  5.6863E-03  7.0678E-03  8.2754E-03
    18  1.4014E-03  4.1648E-03  6.8264E-03  9.3201E-03  1.1585E-02  1.3564E-02
    17  1.9134E-03  5.6863E-03  9.3201E-03  1.2725E-02  1.5816E-02  1.8519E-02
    16  2.3782E-03  7.0678E-03  1.1585E-02  1.5816E-02  1.9659E-02  2.3018E-02
    15  2.7846E-03  8.2754E-03  1.3564E-02  1.8519E-02  2.3018E-02  2.6951E-02
    14  3.1223E-03  9.2792E-03  1.5209E-02  2.0765E-02  2.5810E-02  3.0220E-02
    13  3.3832E-03  1.0054E-02  1.6480E-02  2.2500E-02  2.7967E-02  3.2745E-02
    12  3.5608E-03  1.0582E-02  1.7345E-02  2.3681E-02  2.9434E-02  3.4464E-02
    11  3.6507E-03  1.0849E-02  1.7782E-02  2.4279E-02  3.0177E-02  3.5334E-02
    10  3.6507E-03  1.0849E-02  1.7782E-02  2.4279E-02  3.0177E-02  3.5334E-02
     9  3.5608E-03  1.0582E-02  1.7345E-02  2.3681E-02  2.9434E-02  3.4464E-02
     8  3.3832E-03  1.0054E-02  1.6480E-02  2.2500E-02  2.7967E-02  3.2745E-02
     7  3.1223E-03  9.2792E-03  1.5209E-02  2.0765E-02  2.5810E-02  3.0220E-02
     6  2.7846E-03  8.2754E-03  1.3564E-02  1.8519E-02  2.3018E-02  2.6951E-02
     5  2.3782E-03  7.0678E-03  1.1585E-02  1.5816E-02  1.9659E-02  2.3018E-02
     4  1.9134E-03  5.6863E-03  9.3201E-03  1.2725E-02  1.5816E-02  1.8519E-02
     3  1.4014E-03  4.1648E-03  6.8264E-03  9.3201E-03  1.1585E-02  1.3564E-02
     2  8.5510E-04  2.5410E-03  4.1648E-03  5.6863E-03  7.0678E-03  8.2754E-03
     1  2.8796E-04  8.5510E-04  1.4014E-03  1.9134E-03  2.3782E-03  2.7846E-03

     y    x    7      x    8      x    9      x   10      x   11      x   12
    20  3.1223E-03  3.3832E-03  3.5608E-03  3.6507E-03  3.6507E-03  3.5608E-03
    19  9.2792E-03  1.0054E-02  1.0582E-02  1.0849E-02  1.0849E-02  1.0582E-02
    18  1.5209E-02  1.6480E-02  1.7345E-02  1.7782E-02  1.7782E-02  1.7345E-02
    17  2.0765E-02  2.2500E-02  2.3681E-02  2.4279E-02  2.4279E-02  2.3681E-02
