 SNAP: SN (Discrete Ordinates) Application Proxy
 Version Number..  1.01 
 Version Date..  03-25-2013
 Ran on  3-25-2013 at time 13:49: 5

********************************************************************************

          Input Echo - Values from input or default
********************************************************************************

  NML=invar
     npey=     2
     npez=     4
     ichunk=     4
     nthreads=     2
     nnested=   0
     ndimen=  3
     nx=     8
     ny=     8
     nz=     8
     lx=  8.0000E-02
     ly=  8.0000E-02
     lz=  8.0000E-02
     nmom=   4
     nang=   12
     ng=   10
     mat_opt=  0
     src_opt=  3
     scatp=  0
     epsi=  1.0000E-04
     iitm=   5
     oitm=  100
     timedep=  1
     tf=  1.0000E+00
     nsteps=    10
     it_det=  0
     fluxp=  0
     fixup=  0

********************************************************************************

          Calculation Run-time Parameters Echo
********************************************************************************

  Geometry
    ndimen = 3
    nx =     8
    ny =     8
    nz =     8
    lx =  8.0000E-02
    ly =  8.0000E-02
    lz =  8.0000E-02
    dx =  1.0000E-02
    dy =  1.0000E-02
    dz =  1.0000E-02

  Sn
    nmom = 4
    nang =   12
    noct = 8

    w =  1.0417E-02   ... uniform weights

          mu              eta               xi
     4.16666667E-02   9.58333333E-01   2.82597083E-01
     1.25000000E-01   8.75000000E-01   4.67707173E-01
     2.08333333E-01   7.91666667E-01   5.74335365E-01
     2.91666667E-01   7.08333333E-01   6.42802026E-01
     3.75000000E-01   6.25000000E-01   6.84653197E-01
     4.58333333E-01   5.41666667E-01   7.04647272E-01
     5.41666667E-01   4.58333333E-01   7.04647272E-01
     6.25000000E-01   3.75000000E-01   6.84653197E-01
     7.08333333E-01   2.91666667E-01   6.42802026E-01
     7.91666667E-01   2.08333333E-01   5.74335365E-01
     8.75000000E-01   1.25000000E-01   4.67707173E-01
     9.58333333E-01   4.16666667E-02   2.82597083E-01

  Material Map
    mat_opt = 0   -->   nmat = 1
    Base material (default for every cell) = 1

  Source Map
    src_opt = 3
    MMS-generated source

  Pseudo Cross Sections Data
    ng =  10

    Material 1
    Group         Total         Absorption      Scattering
       1       1.000000E+00    5.000000E-01    5.000000E-01
       2       1.010000E+00    5.050000E-01    5.050000E-01
       3       1.020000E+00    5.100000E-01    5.100000E-01
       4       1.030000E+00    5.150000E-01    5.150000E-01
       5       1.040000E+00    5.200000E-01    5.200000E-01
       6       1.050000E+00    5.250000E-01    5.250000E-01
       7       1.060000E+00    5.300000E-01    5.300000E-01
       8       1.070000E+00    5.350000E-01    5.350000E-01
       9       1.080000E+00    5.400000E-01    5.400000E-01
      10       1.090000E+00    5.450000E-01    5.450000E-01

  Time-Dependent Calculation Data
    tf =  1.0000E+00
    nsteps =   10
    dt =  1.0000E-01

    Group        Speed
       1       1.0000E+01
       2       9.0000E+00
       3       8.0000E+00
       4       7.0000E+00
       5       6.0000E+00
       6       5.0000E+00
       7       4.0000E+00
       8       3.0000E+00
       9       2.0000E+00
      10       1.0000E+00

  Solution Control Parameters
    epsi =  1.0000E-04
    iitm =   5
    oitm =  100
    timedep = 1
    it_det = 0
    fluxp = 0
    fixup = 0


  Parallelization Parameters
    npey =     2
    npez =     4
    nthreads =    2

          Thread Support Level
           0 - MPI_THREAD_SINGLE
           1 - MPI_THREAD_FUNNELED
           2 - MPI_THREAD_SERIALIZED
           3 - MPI_THREAD_MULTIPLE
    thread_level =  0

    .FALSE. nested threading
      nnested =    0

********************************************************************************

          Iteration Monitor
********************************************************************************

 ******************************
  Time Cycle   1
  Outer
    1    Dfmxo= 4.5249E-01    No. Inners=   40
    2    Dfmxo= 4.2475E-01    No. Inners=   30
    3    Dfmxo= 3.1555E-03    No. Inners=   20

  Cycle=   1    Time= 5.0000E-02    No. Outers=   3    No. Inners=   90

 ******************************
  Time Cycle   2
  Outer
    1    Dfmxo= 1.3540E+00    No. Inners=   40
    2    Dfmxo= 4.2870E-01    No. Inners=   30
    3    Dfmxo= 3.1758E-03    No. Inners=   20

  Cycle=   2    Time= 1.5000E-01    No. Outers=   3    No. Inners=   90

 ******************************
  Time Cycle   3
  Outer
    1    Dfmxo= 2.2534E+00    No. Inners=   40
    2    Dfmxo= 4.2998E-01    No. Inners=   30
    3    Dfmxo= 3.1824E-03    No. Inners=   20

  Cycle=   3    Time= 2.5000E-01    No. Outers=   3    No. Inners=   90

 ******************************
  Time Cycle   4
  Outer
    1    Dfmxo= 3.1539E+00    No. Inners=   40
    2    Dfmxo= 4.3020E-01    No. Inners=   30
    3    Dfmxo= 3.1836E-03    No. Inners=   20

  Cycle=   4    Time= 3.5000E-01    No. Outers=   3    No. Inners=   90

 ******************************
  Time Cycle   5
  Outer
    1    Dfmxo= 4.0539E+00    No. Inners=   40
    2    Dfmxo= 4.3056E-01    No. Inners=   30
    3    Dfmxo= 3.1854E-03    No. Inners=   20

  Cycle=   5    Time= 4.5000E-01    No. Outers=   3    No. Inners=   90

 ******************************
  Time Cycle   6
  Outer
    1    Dfmxo= 4.9540E+00    No. Inners=   40
    2    Dfmxo= 4.3062E-01    No. Inners=   30
    3    Dfmxo= 3.1858E-03    No. Inners=   20

  Cycle=   6    Time= 5.5000E-01    No. Outers=   3    No. Inners=   90

 ******************************
  Time Cycle   7
  Outer
    1    Dfmxo= 5.8542E+00    No. Inners=   40
    2    Dfmxo= 4.3078E-01    No. Inners=   30
    3    Dfmxo= 3.1866E-03    No. Inners=   20

  Cycle=   7    Time= 6.5000E-01    No. Outers=   3    No. Inners=   90

 ******************************
  Time Cycle   8
  Outer
    1    Dfmxo= 6.7543E+00    No. Inners=   40
    2    Dfmxo= 4.3081E-01    No. Inners=   30
    3    Dfmxo= 3.1868E-03    No. Inners=   20

  Cycle=   8    Time= 7.5000E-01    No. Outers=   3    No. Inners=   90

 ******************************
  Time Cycle   9
  Outer
    1    Dfmxo= 7.6545E+00    No. Inners=   40
    2    Dfmxo= 4.3091E-01    No. Inners=   30
    3    Dfmxo= 3.1872E-03    No. Inners=   20

  Cycle=   9    Time= 8.5000E-01    No. Outers=   3    No. Inners=   90

 ******************************
  Time Cycle  10
  Outer
    1    Dfmxo= 8.5546E+00    No. Inners=   40
    2    Dfmxo= 4.3093E-01    No. Inners=   30
    3    Dfmxo= 3.1874E-03    No. Inners=   20

  Cycle=  10    Time= 9.5000E-01    No. Outers=   3    No. Inners=   90

 ******************************
  Total inners for all time steps, outers =    900

********************************************************************************

          Calculation Final Scalar Flux Solution
********************************************************************************

 ***********************************
  Group=   1   Z Mid-Plane=    5
 ***********************************

     y    x    1      x    2      x    3      x    4      x    5      x    6
     8  3.4353E-02  9.7811E-02  1.4638E-01  1.7267E-01  1.7267E-01  1.4638E-01
     7  9.7810E-02  2.7851E-01  4.1681E-01  4.9166E-01  4.9166E-01  4.1681E-01
     6  1.4638E-01  4.1681E-01  6.2379E-01  7.3581E-01  7.3581E-01  6.2379E-01
     5  1.7266E-01  4.9166E-01  7.3580E-01  8.6794E-01  8.6794E-01  7.3580E-01
     4  1.7266E-01  4.9166E-01  7.3580E-01  8.6794E-01  8.6794E-01  7.3580E-01
     3  1.4638E-01  4.1681E-01  6.2379E-01  7.3581E-01  7.3581E-01  6.2379E-01
     2  9.7810E-02  2.7851E-01  4.1681E-01  4.9166E-01  4.9166E-01  4.1681E-01
     1  3.4353E-02  9.7811E-02  1.4638E-01  1.7267E-01  1.7267E-01  1.4638E-01

     y    x    7      x    8
     8  9.7811E-02  3.4353E-02
     7  2.7851E-01  9.7810E-02
     6  4.1681E-01  1.4638E-01
     5  4.9166E-01  1.7266E-01
     4  4.9166E-01  1.7266E-01
     3  4.1681E-01  1.4638E-01
     2  2.7851E-01  9.7810E-02
     1  9.7811E-02  3.4353E-02

********************************************************************************


 ***********************************
  Group=   2   Z Mid-Plane=    5
 ***********************************

     y    x    1      x    2      x    3      x    4      x    5      x    6
     8  6.8744E-02  1.9569E-01  2.9285E-01  3.4543E-01  3.4543E-01  2.9285E-01
     7  1.9568E-01  5.5712E-01  8.3376E-01  9.8347E-01  9.8347E-01  8.3376E-01
     6  2.9285E-01  8.3376E-01  1.2478E+00  1.4718E+00  1.4718E+00  1.2478E+00
     5  3.4543E-01  9.8347E-01  1.4718E+00  1.7361E+00  1.7361E+00  1.4718E+00
     4  3.4543E-01  9.8347E-01  1.4718E+00  1.7361E+00  1.7361E+00  1.4718E+00
     3  2.9285E-01  8.3376E-01  1.2478E+00  1.4718E+00  1.4718E+00  1.2478E+00
     2  1.9568E-01  5.5712E-01  8.3376E-01  9.8347E-01  9.8347E-01  8.3376E-01
     1  6.8744E-02  1.9569E-01  2.9285E-01  3.4543E-01  3.4543E-01  2.9285E-01

     y    x    7      x    8
     8  1.9569E-01  6.8744E-02
     7  5.5712E-01  1.9568E-01
     6  8.3376E-01  2.9285E-01
     5  9.8347E-01  3.4543E-01
     4  9.8347E-01  3.4543E-01
     3  8.3376E-01  2.9285E-01
     2  5.5712E-01  1.9568E-01
     1  1.9569E-01  6.8744E-02

********************************************************************************


 ***********************************
  Group=   3   Z Mid-Plane=    5
 ***********************************

     y    x    1      x    2      x    3      x    4      x    5      x    6
     8  1.0313E-01  2.9355E-01  4.3931E-01  5.1819E-01  5.1819E-01  4.3931E-01
     7  2.9355E-01  8.3572E-01  1.2507E+00  1.4753E+00  1.4753E+00  1.2507E+00
     6  4.3930E-01  1.2507E+00  1.8717E+00  2.2078E+00  2.2078E+00  1.8717E+00
     5  5.1819E-01  1.4753E+00  2.2078E+00  2.6043E+00  2.6043E+00  2.2078E+00
     4  5.1819E-01  1.4753E+00  2.2078E+00  2.6043E+00  2.6043E+00  2.2078E+00
     3  4.3930E-01  1.2507E+00  1.8717E+00  2.2078E+00  2.2078E+00  1.8717E+00
     2  2.9355E-01  8.3572E-01  1.2507E+00  1.4753E+00  1.4753E+00  1.2507E+00
     1  1.0313E-01  2.9355E-01  4.3931E-01  5.1819E-01  5.1819E-01  4.3931E-01

     y    x    7      x    8
     8  2.9355E-01  1.0313E-01
     7  8.3572E-01  2.9355E-01
     6  1.2507E+00  4.3930E-01
     5  1.4753E+00  5.1819E-01
     4  1.4753E+00  5.1819E-01
     3  1.2507E+00  4.3930E-01
     2  8.3572E-01  2.9355E-01
     1  2.9355E-01  1.0313E-01

********************************************************************************


 ***********************************
  Group=   4   Z Mid-Plane=    5
 ***********************************

     y    x    1      x    2      x    3      x    4      x    5      x    6
     8  1.3752E-01  3.9142E-01  5.8577E-01  6.9095E-01  6.9095E-01  5.8577E-01
     7  3.9142E-01  1.1143E+00  1.6676E+00  1.9671E+00  1.9671E+00  1.6676E+00
     6  5.8576E-01  1.6676E+00  2.4957E+00  2.9438E+00  2.9438E+00  2.4957E+00
     5  6.9094E-01  1.9671E+00  2.9438E+00  3.4724E+00  3.4724E+00  2.9438E+00
     4  6.9094E-01  1.9671E+00  2.9438E+00  3.4724E+00  3.4724E+00  2.9438E+00
     3  5.8576E-01  1.6676E+00  2.4957E+00  2.9438E+00  2.9438E+00  2.4957E+00
     2  3.9142E-01  1.1143E+00  1.6676E+00  1.9671E+00  1.9671E+00  1.6676E+00
     1  1.3752E-01  3.9142E-01  5.8577E-01  6.9095E-01  6.9095E-01  5.8577E-01

     y    x    7      x    8
     8  3.9142E-01  1.3752E-01
     7  1.1143E+00  3.9142E-01
     6  1.6676E+00  5.8576E-01
     5  1.9671E+00  6.9094E-01
     4  1.9671E+00  6.9094E-01
     3  1.6676E+00  5.8576E-01
     2  1.1143E+00  3.9142E-01
     1  3.9142E-01  1.3752E-01

********************************************************************************


 ***********************************
  Group=   5   Z Mid-Plane=    5
 ***********************************

     y    x    1      x    2      x    3      x    4      x    5      x    6
     8  1.7191E-01  4.8929E-01  7.3222E-01  8.6370E-01  8.6370E-01  7.3222E-01
     7  4.8929E-01  1.3929E+00  2.0846E+00  2.4589E+00  2.4589E+00  2.0846E+00
     6  7.3222E-01  2.0846E+00  3.1196E+00  3.6798E+00  3.6798E+00  3.1196E+00
     5  8.6370E-01  2.4589E+00  3.6798E+00  4.3406E+00  4.3406E+00  3.6798E+00
     4  8.6370E-01  2.4589E+00  3.6798E+00  4.3406E+00  4.3406E+00  3.6798E+00
     3  7.3222E-01  2.0846E+00  3.1196E+00  3.6798E+00  3.6798E+00  3.1196E+00
     2  4.8929E-01  1.3929E+00  2.0846E+00  2.4589E+00  2.4589E+00  2.0846E+00
     1  1.7191E-01  4.8929E-01  7.3222E-01  8.6370E-01  8.6370E-01  7.3222E-01

     y    x    7      x    8
     8  4.8929E-01  1.7191E-01
     7  1.3929E+00  4.8929E-01
     6  2.0846E+00  7.3222E-01
     5  2.4589E+00  8.6370E-01
     4  2.4589E+00  8.6370E-01
     3  2.0846E+00  7.3222E-01
     2  1.3929E+00  4.8929E-01
     1  4.8929E-01  1.7191E-01

********************************************************************************


 ***********************************
  Group=   6   Z Mid-Plane=    5
 ***********************************

     y    x    1      x    2      x    3      x    4      x    5      x    6
     8  2.0629E-01  5.8716E-01  8.7868E-01  1.0365E+00  1.0365E+00  8.7868E-01
     7  5.8716E-01  1.6715E+00  2.5015E+00  2.9507E+00  2.9507E+00  2.5015E+00
     6  8.7868E-01  2.5015E+00  3.7436E+00  4.4158E+00  4.4158E+00  3.7436E+00
     5  1.0365E+00  2.9507E+00  4.4158E+00  5.2087E+00  5.2087E+00  4.4158E+00
     4  1.0365E+00  2.9507E+00  4.4158E+00  5.2087E+00  5.2087E+00  4.4158E+00
     3  8.7868E-01  2.5015E+00  3.7436E+00  4.4158E+00  4.4158E+00  3.7436E+00
     2  5.8716E-01  1.6715E+00  2.5015E+00  2.9507E+00  2.9507E+00  2.5015E+00
     1  2.0629E-01  5.8716E-01  8.7868E-01  1.0365E+00  1.0365E+00  8.7868E-01

     y    x    7      x    8
     8  5.8716E-01  2.0629E-01
     7  1.6715E+00  5.8716E-01
     6  2.5015E+00  8.7868E-01
     5  2.9507E+00  1.0365E+00
     4  2.9507E+00  1.0365E+00
     3  2.5015E+00  8.7868E-01
     2  1.6715E+00  5.8716E-01
     1  5.8716E-01  2.0629E-01

********************************************************************************


 ***********************************
  Group=   7   Z Mid-Plane=    5
 ***********************************

     y    x    1      x    2      x    3      x    4      x    5      x    6
     8  2.4068E-01  6.8503E-01  1.0251E+00  1.2092E+00  1.2092E+00  1.0251E+00
     7  6.8502E-01  1.9501E+00  2.9184E+00  3.4425E+00  3.4425E+00  2.9184E+00
     6  1.0251E+00  2.9184E+00  4.3676E+00  5.1518E+00  5.1518E+00  4.3676E+00
     5  1.2092E+00  3.4425E+00  5.1518E+00  6.0769E+00  6.0769E+00  5.1518E+00
     4  1.2092E+00  3.4425E+00  5.1518E+00  6.0769E+00  6.0769E+00  5.1518E+00
     3  1.0251E+00  2.9184E+00  4.3676E+00  5.1518E+00  5.1518E+00  4.3676E+00
     2  6.8502E-01  1.9501E+00  2.9184E+00  3.4425E+00  3.4425E+00  2.9184E+00
     1  2.4068E-01  6.8503E-01  1.0251E+00  1.2092E+00  1.2092E+00  1.0251E+00

     y    x    7      x    8
     8  6.8503E-01  2.4068E-01
     7  1.9501E+00  6.8502E-01
     6  2.9184E+00  1.0251E+00
     5  3.4425E+00  1.2092E+00
     4  3.4425E+00  1.2092E+00
     3  2.9184E+00  1.0251E+00
     2  1.9501E+00  6.8502E-01
     1  6.8503E-01  2.4068E-01

********************************************************************************


 ***********************************
  Group=   8   Z Mid-Plane=    5
 ***********************************

     y    x    1      x    2      x    3      x    4      x    5      x    6
     8  2.7507E-01  7.8290E-01  1.1716E+00  1.3820E+00  1.3820E+00  1.1716E+00
     7  7.8290E-01  2.2287E+00  3.3354E+00  3.9343E+00  3.9343E+00  3.3354E+00
     6  1.1716E+00  3.3354E+00  4.9915E+00  5.8879E+00  5.8879E+00  4.9915E+00
     5  1.3820E+00  3.9343E+00  5.8879E+00  6.9451E+00  6.9451E+00  5.8879E+00
     4  1.3820E+00  3.9343E+00  5.8879E+00  6.9451E+00  6.9451E+00  5.8879E+00
     3  1.1716E+00  3.3354E+00  4.9915E+00  5.8879E+00  5.8879E+00  4.9915E+00
     2  7.8290E-01  2.2287E+00  3.3354E+00  3.9343E+00  3.9343E+00  3.3354E+00
     1  2.7507E-01  7.8290E-01  1.1716E+00  1.3820E+00  1.3820E+00  1.1716E+00

     y    x    7      x    8
     8  7.8290E-01  2.7507E-01
     7  2.2287E+00  7.8290E-01
     6  3.3354E+00  1.1716E+00
     5  3.9343E+00  1.3820E+00
     4  3.9343E+00  1.3820E+00
     3  3.3354E+00  1.1716E+00
     2  2.2287E+00  7.8290E-01
     1  7.8290E-01  2.7507E-01

********************************************************************************


 ***********************************
  Group=   9   Z Mid-Plane=    5
 ***********************************

     y    x    1      x    2      x    3      x    4      x    5      x    6
     8  3.0948E-01  8.8081E-01  1.3181E+00  1.5548E+00  1.5548E+00  1.3181E+00
     7  8.8080E-01  2.5074E+00  3.7524E+00  4.4262E+00  4.4262E+00  3.7524E+00
     6  1.3181E+00  3.7524E+00  5.6156E+00  6.6240E+00  6.6240E+00  5.6156E+00
     5  1.5548E+00  4.4262E+00  6.6240E+00  7.8134E+00  7.8134E+00  6.6240E+00
     4  1.5548E+00  4.4262E+00  6.6240E+00  7.8134E+00  7.8134E+00  6.6240E+00
     3  1.3181E+00  3.7524E+00  5.6156E+00  6.6240E+00  6.6240E+00  5.6156E+00
     2  8.8080E-01  2.5074E+00  3.7524E+00  4.4262E+00  4.4262E+00  3.7524E+00
     1  3.0948E-01  8.8081E-01  1.3181E+00  1.5548E+00  1.5548E+00  1.3181E+00

     y    x    7      x    8
     8  8.8081E-01  3.0948E-01
     7  2.5074E+00  8.8080E-01
     6  3.7524E+00  1.3181E+00
     5  4.4262E+00  1.5548E+00
     4  4.4262E+00  1.5548E+00
     3  3.7524E+00  1.3181E+00
     2  2.5074E+00  8.8080E-01
     1  8.8081E-01  3.0948E-01

********************************************************************************


 ***********************************
  Group=  10   Z Mid-Plane=    5
 ***********************************

     y    x    1      x    2      x    3      x    4      x    5      x    6
     8  3.4383E-01  9.7861E-01  1.4645E+00  1.7275E+00  1.7275E+00  1.4645E+00
     7  9.7859E-01  2.7859E+00  4.1692E+00  4.9178E+00  4.9178E+00  4.1692E+00
     6  1.4645E+00  4.1692E+00  6.2393E+00  7.3597E+00  7.3597E+00  6.2393E+00
     5  1.7274E+00  4.9178E+00  7.3597E+00  8.6812E+00  8.6812E+00  7.3597E+00
     4  1.7274E+00  4.9178E+00  7.3597E+00  8.6812E+00  8.6812E+00  7.3597E+00
     3  1.4645E+00  4.1692E+00  6.2393E+00  7.3597E+00  7.3597E+00  6.2393E+00
     2  9.7859E-01  2.7859E+00  4.1692E+00  4.9178E+00  4.9178E+00  4.1692E+00
     1  3.4383E-01  9.7861E-01  1.4645E+00  1.7275E+00  1.7275E+00  1.4645E+00

     y    x    7      x    8
     8  9.7861E-01  3.4383E-01
     7  2.7859E+00  9.7859E-01
     6  4.1692E+00  1.4645E+00
     5  4.9178E+00  1.7274E+00
     4  4.9178E+00  1.7274E+00
     3  4.1692E+00  1.4645E+00
     2  2.7859E+00  9.7859E-01
     1  9.7861E-01  3.4383E-01

********************************************************************************

          MMS Verification
********************************************************************************

    Manufactured/Computed Solutions Max Diff= 1.275391E-02

    Manufactured/Computed Solutions Min Diff= 5.461388E-03

********************************************************************************

          Timing Summary
********************************************************************************

  Code Section                          Time (seconds)
 **************                        ****************
    Parallel Setup                       1.1110E-03
    Input                                4.3607E-04
    Setup                                1.8540E-02
    Solve                                2.0873E-01
       Parameter Setup                   2.8484E-03
       Outer Source                      3.2794E-03
       Inner Iterations                  2.0137E-01
          Inner Source                   1.1368E-03
          Transport Sweeps               1.7644E-01
          Inner Misc Ops                 2.3791E-02
       Solution Misc Ops                 1.2360E-03
    Output                               2.4800E-03
  Total Execution time                   2.4366E-01

  Grind Time (nanoseconds)         4.7186E+00

********************************************************************************
