 SNAP: SN (Discrete Ordinates) Application Proxy
 Version Number..  1.01 
 Version Date..  03-25-2013
 Ran on  3-25-2013 at time 13:49: 3

********************************************************************************

          Input Echo - Values from input or default
********************************************************************************

  NML=invar
     npey=     2
     npez=     2
     ichunk=     4
     nthreads=     4
     nnested=   0
     ndimen=  3
     nx=     8
     ny=     8
     nz=     8
     lx=  8.0000E-02
     ly=  8.0000E-02
     lz=  8.0000E-02
     nmom=   4
     nang=   12
     ng=   10
     mat_opt=  0
     src_opt=  3
     scatp=  1
     epsi=  1.0000E-04
     iitm=   5
     oitm=  100
     timedep=  0
     tf=  1.0000E+00
     nsteps=    10
     it_det=  1
     fluxp=  2
     fixup=  0

********************************************************************************

   ***WARNING: INPUT_CHECK: NSTEPS reset to 1 for static calc      

          Calculation Run-time Parameters Echo
********************************************************************************

  Geometry
    ndimen = 3
    nx =     8
    ny =     8
    nz =     8
    lx =  8.0000E-02
    ly =  8.0000E-02
    lz =  8.0000E-02
    dx =  1.0000E-02
    dy =  1.0000E-02
    dz =  1.0000E-02

  Sn
    nmom = 4
    nang =   12
    noct = 8

    w =  1.0417E-02   ... uniform weights

          mu              eta               xi
     4.16666667E-02   9.58333333E-01   2.82597083E-01
     1.25000000E-01   8.75000000E-01   4.67707173E-01
     2.08333333E-01   7.91666667E-01   5.74335365E-01
     2.91666667E-01   7.08333333E-01   6.42802026E-01
     3.75000000E-01   6.25000000E-01   6.84653197E-01
     4.58333333E-01   5.41666667E-01   7.04647272E-01
     5.41666667E-01   4.58333333E-01   7.04647272E-01
     6.25000000E-01   3.75000000E-01   6.84653197E-01
     7.08333333E-01   2.91666667E-01   6.42802026E-01
     7.91666667E-01   2.08333333E-01   5.74335365E-01
     8.75000000E-01   1.25000000E-01   4.67707173E-01
     9.58333333E-01   4.16666667E-02   2.82597083E-01

  Material Map
    mat_opt = 0   -->   nmat = 1
    Base material (default for every cell) = 1

  Source Map
    src_opt = 3
    MMS-generated source

  Pseudo Cross Sections Data
    ng =  10

    Material 1
    Group         Total         Absorption      Scattering
       1       1.000000E+00    5.000000E-01    5.000000E-01
       2       1.010000E+00    5.050000E-01    5.050000E-01
       3       1.020000E+00    5.100000E-01    5.100000E-01
       4       1.030000E+00    5.150000E-01    5.150000E-01
       5       1.040000E+00    5.200000E-01    5.200000E-01
       6       1.050000E+00    5.250000E-01    5.250000E-01
       7       1.060000E+00    5.300000E-01    5.300000E-01
       8       1.070000E+00    5.350000E-01    5.350000E-01
       9       1.080000E+00    5.400000E-01    5.400000E-01
      10       1.090000E+00    5.450000E-01    5.450000E-01

  Solution Control Parameters
    epsi =  1.0000E-04
    iitm =   5
    oitm =  100
    timedep = 0
    it_det = 1
    fluxp = 2
    fixup = 0


  Parallelization Parameters
    npey =     2
    npez =     2
    nthreads =    4

          Thread Support Level
           0 - MPI_THREAD_SINGLE
           1 - MPI_THREAD_FUNNELED
           2 - MPI_THREAD_SERIALIZED
           3 - MPI_THREAD_MULTIPLE
    thread_level =  0

    .FALSE. nested threading
      nnested =    0

********************************************************************************

          Iteration Monitor
********************************************************************************
 ********************
  Outer   1
    Group   1     Inner     1     Dfmxi  8.9448E-01
    Group   2     Inner     1     Dfmxi  1.8086E+00
    Group   3     Inner     1     Dfmxi  2.7195E+00
    Group   4     Inner     1     Dfmxi  3.6285E+00
    Group   5     Inner     1     Dfmxi  4.5353E+00
    Group   6     Inner     1     Dfmxi  5.4388E+00
    Group   7     Inner     1     Dfmxi  6.3375E+00
    Group   8     Inner     1     Dfmxi  7.2283E+00
    Group   9     Inner     1     Dfmxi  8.1032E+00
    Group  10     Inner     1     Dfmxi  8.8343E+00
    Group   1     Inner     2     Dfmxi  1.3428E-01
    Group   2     Inner     2     Dfmxi  6.7363E-02
    Group   3     Inner     2     Dfmxi  6.4373E-02
    Group   4     Inner     2     Dfmxi  6.3988E-02
    Group   5     Inner     2     Dfmxi  6.4696E-02
    Group   6     Inner     2     Dfmxi  6.6198E-02
    Group   7     Inner     2     Dfmxi  6.8601E-02
    Group   8     Inner     2     Dfmxi  7.2472E-02
    Group   9     Inner     2     Dfmxi  7.9743E-02
    Group  10     Inner     2     Dfmxi  7.2401E-01
    Group   1     Inner     3     Dfmxi  7.8859E-04
    Group   2     Inner     3     Dfmxi  2.8233E-04
    Group   3     Inner     3     Dfmxi  2.7304E-04
    Group   4     Inner     3     Dfmxi  2.7407E-04
    Group   5     Inner     3     Dfmxi  2.7955E-04
    Group   6     Inner     3     Dfmxi  2.8837E-04
    Group   7     Inner     3     Dfmxi  3.0103E-04
    Group   8     Inner     3     Dfmxi  3.1993E-04
    Group   9     Inner     3     Dfmxi  3.5314E-04
    Group  10     Inner     3     Dfmxi  9.1577E-03
    Group   1     Inner     4     Dfmxi  4.5316E-06
    Group   2     Inner     4     Dfmxi  1.0922E-06
    Group   3     Inner     4     Dfmxi  1.0663E-06
    Group   4     Inner     4     Dfmxi  1.0805E-06
    Group   5     Inner     4     Dfmxi  1.1126E-06
    Group   6     Inner     4     Dfmxi  1.1585E-06
    Group   7     Inner     4     Dfmxi  1.2207E-06
    Group   8     Inner     4     Dfmxi  1.3094E-06
    Group   9     Inner     4     Dfmxi  1.4586E-06
    Group  10     Inner     4     Dfmxi  1.7041E-04
    Group   1     Inner     4     Dfmxi  4.5316E-06
    Group   2     Inner     4     Dfmxi  1.0922E-06
    Group   3     Inner     4     Dfmxi  1.0663E-06
    Group   4     Inner     4     Dfmxi  1.0805E-06
    Group   5     Inner     4     Dfmxi  1.1126E-06
    Group   6     Inner     4     Dfmxi  1.1585E-06
    Group   7     Inner     4     Dfmxi  1.2207E-06
    Group   8     Inner     4     Dfmxi  1.3094E-06
    Group   9     Inner     4     Dfmxi  1.4586E-06
    Group  10     Inner     5     Dfmxi  3.0933E-06
    1    Dfmxo= 8.9532E+00    No. Inners=   41
 ********************
  Outer   2
    Group   1     Inner     1     Dfmxi  4.9846E-01
    Group   2     Inner     1     Dfmxi  1.7426E-01
    Group   3     Inner     1     Dfmxi  1.1208E-01
    Group   4     Inner     1     Dfmxi  9.5018E-02
    Group   5     Inner     1     Dfmxi  9.6657E-02
    Group   6     Inner     1     Dfmxi  1.1143E-01
    Group   7     Inner     1     Dfmxi  1.4065E-01
    Group   8     Inner     1     Dfmxi  1.9276E-01
    Group   9     Inner     1     Dfmxi  2.9695E-01
    Group  10     Inner     1     Dfmxi  6.3612E-01
    Group   1     Inner     2     Dfmxi  2.2094E-03
    Group   2     Inner     2     Dfmxi  6.6361E-04
    Group   3     Inner     2     Dfmxi  4.5511E-04
    Group   4     Inner     2     Dfmxi  3.9556E-04
    Group   5     Inner     2     Dfmxi  4.0552E-04
    Group   6     Inner     2     Dfmxi  4.6555E-04
    Group   7     Inner     2     Dfmxi  5.7781E-04
    Group   8     Inner     2     Dfmxi  7.6431E-04
    Group   9     Inner     2     Dfmxi  1.0929E-03
    Group  10     Inner     2     Dfmxi  8.4311E-03
    Group   1     Inner     3     Dfmxi  1.2670E-05
    Group   2     Inner     3     Dfmxi  2.5659E-06
    Group   3     Inner     3     Dfmxi  1.7771E-06
    Group   4     Inner     3     Dfmxi  1.5594E-06
    Group   5     Inner     3     Dfmxi  1.6138E-06
    Group   6     Inner     3     Dfmxi  1.8699E-06
    Group   7     Inner     3     Dfmxi  2.3421E-06
    Group   8     Inner     3     Dfmxi  3.1260E-06
    Group   9     Inner     3     Dfmxi  4.5093E-06
    Group  10     Inner     3     Dfmxi  1.5682E-04
    Group   1     Inner     3     Dfmxi  1.2670E-05
    Group   2     Inner     3     Dfmxi  2.5659E-06
    Group   3     Inner     3     Dfmxi  1.7771E-06
    Group   4     Inner     3     Dfmxi  1.5594E-06
    Group   5     Inner     3     Dfmxi  1.6138E-06
    Group   6     Inner     3     Dfmxi  1.8699E-06
    Group   7     Inner     3     Dfmxi  2.3421E-06
    Group   8     Inner     3     Dfmxi  3.1260E-06
    Group   9     Inner     3     Dfmxi  4.5093E-06
    Group  10     Inner     4     Dfmxi  2.8458E-06
    2    Dfmxo= 6.5018E-01    No. Inners=   31
 ********************
  Outer   3
    Group   1     Inner     1     Dfmxi  4.2718E-03
    Group   2     Inner     1     Dfmxi  2.0773E-03
    Group   3     Inner     1     Dfmxi  1.4620E-03
    Group   4     Inner     1     Dfmxi  1.2003E-03
    Group   5     Inner     1     Dfmxi  1.0938E-03
    Group   6     Inner     1     Dfmxi  1.1015E-03
    Group   7     Inner     1     Dfmxi  1.2458E-03
    Group   8     Inner     1     Dfmxi  1.6272E-03
    Group   9     Inner     1     Dfmxi  2.5729E-03
    Group  10     Inner     1     Dfmxi  5.7025E-03
    Group   1     Inner     2     Dfmxi  2.4586E-05
    Group   2     Inner     2     Dfmxi  8.0660E-06
    Group   3     Inner     2     Dfmxi  5.7351E-06
    Group   4     Inner     2     Dfmxi  4.7545E-06
    Group   5     Inner     2     Dfmxi  4.3739E-06
    Group   6     Inner     2     Dfmxi  4.4460E-06
    Group   7     Inner     2     Dfmxi  5.0740E-06
    Group   8     Inner     2     Dfmxi  6.6856E-06
    Group   9     Inner     2     Dfmxi  1.0658E-05
    Group  10     Inner     2     Dfmxi  1.0693E-04
    Group   1     Inner     2     Dfmxi  2.4586E-05
    Group   2     Inner     2     Dfmxi  8.0660E-06
    Group   3     Inner     2     Dfmxi  5.7351E-06
    Group   4     Inner     2     Dfmxi  4.7545E-06
    Group   5     Inner     2     Dfmxi  4.3739E-06
    Group   6     Inner     2     Dfmxi  4.4460E-06
    Group   7     Inner     2     Dfmxi  5.0740E-06
    Group   8     Inner     2     Dfmxi  6.6856E-06
    Group   9     Inner     2     Dfmxi  1.0658E-05
    Group  10     Inner     3     Dfmxi  1.9433E-06
    3    Dfmxo= 5.8120E-03    No. Inners=   21

  No. Outers=   3    No. Inners=   93

********************************************************************************

          Calculation Final Scalar Flux Solution
********************************************************************************

 ***********************************
  Group=   1   Z Mid-Plane=    5
 ***********************************

     y    x    1      x    2      x    3      x    4      x    5      x    6
     8  3.6156E-02  1.0295E-01  1.5407E-01  1.8174E-01  1.8174E-01  1.5407E-01
     7  1.0295E-01  2.9315E-01  4.3872E-01  5.1751E-01  5.1751E-01  4.3872E-01
     6  1.5407E-01  4.3872E-01  6.5659E-01  7.7450E-01  7.7450E-01  6.5659E-01
     5  1.8174E-01  5.1751E-01  7.7450E-01  9.1358E-01  9.1358E-01  7.7450E-01
     4  1.8174E-01  5.1751E-01  7.7450E-01  9.1358E-01  9.1358E-01  7.7450E-01
     3  1.5407E-01  4.3872E-01  6.5659E-01  7.7450E-01  7.7450E-01  6.5659E-01
     2  1.0295E-01  2.9315E-01  4.3872E-01  5.1751E-01  5.1751E-01  4.3872E-01
     1  3.6156E-02  1.0295E-01  1.5407E-01  1.8174E-01  1.8174E-01  1.5407E-01

     y    x    7      x    8
     8  1.0295E-01  3.6156E-02
     7  2.9315E-01  1.0295E-01
     6  4.3872E-01  1.5407E-01
     5  5.1751E-01  1.8174E-01
     4  5.1751E-01  1.8174E-01
     3  4.3872E-01  1.5407E-01
     2  2.9315E-01  1.0295E-01
     1  1.0295E-01  3.6156E-02

********************************************************************************


 ***********************************
  Group=   2   Z Mid-Plane=    5
 ***********************************

     y    x    1      x    2      x    3      x    4      x    5      x    6
     8  7.2350E-02  2.0596E-01  3.0823E-01  3.6358E-01  3.6358E-01  3.0823E-01
     7  2.0596E-01  5.8641E-01  8.7759E-01  1.0352E+00  1.0352E+00  8.7759E-01
     6  3.0823E-01  8.7759E-01  1.3134E+00  1.5492E+00  1.5492E+00  1.3134E+00
     5  3.6358E-01  1.0352E+00  1.5492E+00  1.8274E+00  1.8274E+00  1.5492E+00
     4  3.6358E-01  1.0352E+00  1.5492E+00  1.8274E+00  1.8274E+00  1.5492E+00
     3  3.0823E-01  8.7759E-01  1.3134E+00  1.5492E+00  1.5492E+00  1.3134E+00
     2  2.0596E-01  5.8641E-01  8.7759E-01  1.0352E+00  1.0352E+00  8.7759E-01
     1  7.2350E-02  2.0596E-01  3.0823E-01  3.6358E-01  3.6358E-01  3.0823E-01

     y    x    7      x    8
     8  2.0596E-01  7.2350E-02
     7  5.8641E-01  2.0596E-01
     6  8.7759E-01  3.0823E-01
     5  1.0352E+00  3.6358E-01
     4  1.0352E+00  3.6358E-01
     3  8.7759E-01  3.0823E-01
     2  5.8641E-01  2.0596E-01
     1  2.0596E-01  7.2350E-02

********************************************************************************


 ***********************************
  Group=   3   Z Mid-Plane=    5
 ***********************************

     y    x    1      x    2      x    3      x    4      x    5      x    6
     8  1.0854E-01  3.0897E-01  4.6238E-01  5.4541E-01  5.4541E-01  4.6238E-01
     7  3.0897E-01  8.7965E-01  1.3164E+00  1.5528E+00  1.5528E+00  1.3164E+00
     6  4.6238E-01  1.3164E+00  1.9701E+00  2.3239E+00  2.3239E+00  1.9701E+00
     5  5.4541E-01  1.5528E+00  2.3239E+00  2.7412E+00  2.7412E+00  2.3239E+00
     4  5.4541E-01  1.5528E+00  2.3239E+00  2.7412E+00  2.7412E+00  2.3239E+00
     3  4.6238E-01  1.3164E+00  1.9701E+00  2.3239E+00  2.3239E+00  1.9701E+00
     2  3.0897E-01  8.7965E-01  1.3164E+00  1.5528E+00  1.5528E+00  1.3164E+00
     1  1.0854E-01  3.0897E-01  4.6238E-01  5.4541E-01  5.4541E-01  4.6238E-01

     y    x    7      x    8
     8  3.0897E-01  1.0854E-01
     7  8.7965E-01  3.0897E-01
     6  1.3164E+00  4.6238E-01
     5  1.5528E+00  5.4541E-01
     4  1.5528E+00  5.4541E-01
     3  1.3164E+00  4.6238E-01
     2  8.7965E-01  3.0897E-01
     1  3.0897E-01  1.0854E-01

********************************************************************************


 ***********************************
  Group=   4   Z Mid-Plane=    5
 ***********************************

     y    x    1      x    2      x    3      x    4      x    5      x    6
     8  1.4473E-01  4.1197E-01  6.1652E-01  7.2723E-01  7.2723E-01  6.1652E-01
     7  4.1197E-01  1.1729E+00  1.7553E+00  2.0705E+00  2.0705E+00  1.7553E+00
     6  6.1652E-01  1.7553E+00  2.6269E+00  3.0986E+00  3.0986E+00  2.6269E+00
     5  7.2723E-01  2.0705E+00  3.0986E+00  3.6550E+00  3.6550E+00  3.0986E+00
     4  7.2723E-01  2.0705E+00  3.0986E+00  3.6550E+00  3.6550E+00  3.0986E+00
     3  6.1652E-01  1.7553E+00  2.6269E+00  3.0986E+00  3.0986E+00  2.6269E+00
     2  4.1197E-01  1.1729E+00  1.7553E+00  2.0705E+00  2.0705E+00  1.7553E+00
     1  1.4473E-01  4.1197E-01  6.1652E-01  7.2723E-01  7.2723E-01  6.1652E-01

     y    x    7      x    8
     8  4.1197E-01  1.4473E-01
     7  1.1729E+00  4.1197E-01
     6  1.7553E+00  6.1652E-01
     5  2.0705E+00  7.2723E-01
     4  2.0705E+00  7.2723E-01
     3  1.7553E+00  6.1652E-01
     2  1.1729E+00  4.1197E-01
     1  4.1197E-01  1.4473E-01

********************************************************************************


 ***********************************
  Group=   5   Z Mid-Plane=    5
 ***********************************

     y    x    1      x    2      x    3      x    4      x    5      x    6
     8  1.8091E-01  5.1497E-01  7.7066E-01  9.0904E-01  9.0904E-01  7.7066E-01
     7  5.1497E-01  1.4661E+00  2.1941E+00  2.5881E+00  2.5881E+00  2.1941E+00
     6  7.7066E-01  2.1941E+00  3.2836E+00  3.8732E+00  3.8732E+00  3.2836E+00
     5  9.0904E-01  2.5881E+00  3.8732E+00  4.5687E+00  4.5687E+00  3.8732E+00
     4  9.0904E-01  2.5881E+00  3.8732E+00  4.5687E+00  4.5687E+00  3.8732E+00
     3  7.7066E-01  2.1941E+00  3.2836E+00  3.8732E+00  3.8732E+00  3.2836E+00
     2  5.1497E-01  1.4661E+00  2.1941E+00  2.5881E+00  2.5881E+00  2.1941E+00
     1  1.8091E-01  5.1497E-01  7.7066E-01  9.0904E-01  9.0904E-01  7.7066E-01

     y    x    7      x    8
     8  5.1497E-01  1.8091E-01
     7  1.4661E+00  5.1497E-01
     6  2.1941E+00  7.7066E-01
     5  2.5881E+00  9.0904E-01
     4  2.5881E+00  9.0904E-01
     3  2.1941E+00  7.7066E-01
     2  1.4661E+00  5.1497E-01
     1  5.1497E-01  1.8091E-01

********************************************************************************


 ***********************************
  Group=   6   Z Mid-Plane=    5
 ***********************************

     y    x    1      x    2      x    3      x    4      x    5      x    6
     8  2.1709E-01  6.1795E-01  9.2478E-01  1.0908E+00  1.0908E+00  9.2478E-01
     7  6.1795E-01  1.7593E+00  2.6329E+00  3.1057E+00  3.1057E+00  2.6329E+00
     6  9.2478E-01  2.6329E+00  3.9403E+00  4.6479E+00  4.6479E+00  3.9403E+00
     5  1.0908E+00  3.1057E+00  4.6479E+00  5.4825E+00  5.4825E+00  4.6479E+00
     4  1.0908E+00  3.1057E+00  4.6479E+00  5.4825E+00  5.4825E+00  4.6479E+00
     3  9.2478E-01  2.6329E+00  3.9403E+00  4.6479E+00  4.6479E+00  3.9403E+00
     2  6.1795E-01  1.7593E+00  2.6329E+00  3.1057E+00  3.1057E+00  2.6329E+00
     1  2.1709E-01  6.1795E-01  9.2478E-01  1.0908E+00  1.0908E+00  9.2478E-01

     y    x    7      x    8
     8  6.1795E-01  2.1709E-01
     7  1.7593E+00  6.1795E-01
     6  2.6329E+00  9.2478E-01
     5  3.1057E+00  1.0908E+00
     4  3.1057E+00  1.0908E+00
     3  2.6329E+00  9.2478E-01
     2  1.7593E+00  6.1795E-01
     1  6.1795E-01  2.1709E-01

********************************************************************************


 ***********************************
  Group=   7   Z Mid-Plane=    5
 ***********************************

     y    x    1      x    2      x    3      x    4      x    5      x    6
     8  2.5326E-01  7.2093E-01  1.0789E+00  1.2726E+00  1.2726E+00  1.0789E+00
     7  7.2093E-01  2.0525E+00  3.0717E+00  3.6233E+00  3.6233E+00  3.0717E+00
     6  1.0789E+00  3.0717E+00  4.5970E+00  5.4224E+00  5.4224E+00  4.5970E+00
     5  1.2726E+00  3.6233E+00  5.4224E+00  6.3961E+00  6.3961E+00  5.4224E+00
     4  1.2726E+00  3.6233E+00  5.4224E+00  6.3961E+00  6.3961E+00  5.4224E+00
     3  1.0789E+00  3.0717E+00  4.5970E+00  5.4224E+00  5.4224E+00  4.5970E+00
     2  7.2093E-01  2.0525E+00  3.0717E+00  3.6233E+00  3.6233E+00  3.0717E+00
     1  2.5326E-01  7.2093E-01  1.0789E+00  1.2726E+00  1.2726E+00  1.0789E+00

     y    x    7      x    8
     8  7.2093E-01  2.5326E-01
     7  2.0525E+00  7.2093E-01
     6  3.0717E+00  1.0789E+00
     5  3.6233E+00  1.2726E+00
     4  3.6233E+00  1.2726E+00
     3  3.0717E+00  1.0789E+00
     2  2.0525E+00  7.2093E-01
     1  7.2093E-01  2.5326E-01

********************************************************************************


 ***********************************
  Group=   8   Z Mid-Plane=    5
 ***********************************

     y    x    1      x    2      x    3      x    4      x    5      x    6
     8  2.8941E-01  8.2387E-01  1.2330E+00  1.4544E+00  1.4544E+00  1.2330E+00
     7  8.2387E-01  2.3457E+00  3.5104E+00  4.1408E+00  4.1408E+00  3.5104E+00
     6  1.2330E+00  3.5104E+00  5.2535E+00  6.1969E+00  6.1969E+00  5.2535E+00
     5  1.4544E+00  4.1408E+00  6.1969E+00  7.3097E+00  7.3097E+00  6.1969E+00
     4  1.4544E+00  4.1408E+00  6.1969E+00  7.3097E+00  7.3097E+00  6.1969E+00
     3  1.2330E+00  3.5104E+00  5.2535E+00  6.1969E+00  6.1969E+00  5.2535E+00
     2  8.2387E-01  2.3457E+00  3.5104E+00  4.1408E+00  4.1408E+00  3.5104E+00
     1  2.8941E-01  8.2387E-01  1.2330E+00  1.4544E+00  1.4544E+00  1.2330E+00

     y    x    7      x    8
     8  8.2387E-01  2.8941E-01
     7  2.3457E+00  8.2387E-01
     6  3.5104E+00  1.2330E+00
     5  4.1408E+00  1.4544E+00
     4  4.1408E+00  1.4544E+00
     3  3.5104E+00  1.2330E+00
     2  2.3457E+00  8.2387E-01
     1  8.2387E-01  2.8941E-01

********************************************************************************


 ***********************************
  Group=   9   Z Mid-Plane=    5
 ***********************************

     y    x    1      x    2      x    3      x    4      x    5      x    6
     8  3.2554E-01  9.2677E-01  1.3870E+00  1.6360E+00  1.6360E+00  1.3870E+00
     7  9.2677E-01  2.6387E+00  3.9490E+00  4.6582E+00  4.6582E+00  3.9490E+00
     6  1.3870E+00  3.9490E+00  5.9100E+00  6.9713E+00  6.9713E+00  5.9100E+00
     5  1.6360E+00  4.6582E+00  6.9713E+00  8.2231E+00  8.2231E+00  6.9713E+00
     4  1.6360E+00  4.6582E+00  6.9713E+00  8.2231E+00  8.2231E+00  6.9713E+00
     3  1.3870E+00  3.9490E+00  5.9100E+00  6.9713E+00  6.9713E+00  5.9100E+00
     2  9.2677E-01  2.6387E+00  3.9490E+00  4.6582E+00  4.6582E+00  3.9490E+00
     1  3.2554E-01  9.2677E-01  1.3870E+00  1.6360E+00  1.6360E+00  1.3870E+00

     y    x    7      x    8
     8  9.2677E-01  3.2554E-01
     7  2.6387E+00  9.2677E-01
     6  3.9490E+00  1.3870E+00
     5  4.6582E+00  1.6360E+00
     4  4.6582E+00  1.6360E+00
     3  3.9490E+00  1.3870E+00
     2  2.6387E+00  9.2677E-01
     1  9.2677E-01  3.2554E-01

********************************************************************************


 ***********************************
  Group=  10   Z Mid-Plane=    5
 ***********************************

     y    x    1      x    2      x    3      x    4      x    5      x    6
     8  3.6138E-01  1.0292E+00  1.5403E+00  1.8169E+00  1.8169E+00  1.5403E+00
     7  1.0292E+00  2.9310E+00  4.3866E+00  5.1743E+00  5.1743E+00  4.3866E+00
     6  1.5403E+00  4.3866E+00  6.5650E+00  7.7440E+00  7.7440E+00  6.5650E+00
     5  1.8169E+00  5.1743E+00  7.7440E+00  9.1346E+00  9.1346E+00  7.7440E+00
     4  1.8169E+00  5.1743E+00  7.7440E+00  9.1346E+00  9.1346E+00  7.7440E+00
     3  1.5403E+00  4.3866E+00  6.5650E+00  7.7440E+00  7.7440E+00  6.5650E+00
     2  1.0292E+00  2.9310E+00  4.3866E+00  5.1743E+00  5.1743E+00  4.3866E+00
     1  3.6138E-01  1.0292E+00  1.5403E+00  1.8169E+00  1.8169E+00  1.5403E+00

     y    x    7      x    8
     8  1.0292E+00  3.6138E-01
     7  2.9310E+00  1.0292E+00
     6  4.3866E+00  1.5403E+00
     5  5.1743E+00  1.8169E+00
     4  5.1743E+00  1.8169E+00
     3  4.3866E+00  1.5403E+00
     2  2.9310E+00  1.0292E+00
     1  1.0292E+00  3.6138E-01

********************************************************************************

          MMS Verification
********************************************************************************

    Manufactured/Computed Solutions Max Diff= 1.365921E-02

    Manufactured/Computed Solutions Min Diff= 7.471093E-03

********************************************************************************

          Timing Summary
********************************************************************************

  Code Section                          Time (seconds)
 **************                        ****************
    Parallel Setup                       9.5916E-04
    Input                                4.2295E-04
    Setup                                2.4091E-02
    Solve                                2.3548E-02
       Parameter Setup                   7.5316E-04
       Outer Source                      3.6788E-04
       Inner Iterations                  2.2260E-02
          Inner Source                   1.6212E-04
          Transport Sweeps               1.9203E-02
          Inner Misc Ops                 2.8946E-03
       Solution Misc Ops                 1.6689E-04
    Output                               2.6979E-01
  Total Execution time                   3.2839E-01

  Grind Time (nanoseconds)         5.1515E+00

********************************************************************************
